1	44	365.725	1155.9	1173.925	1404.7	1446.125	1586.9	1611.575	1798.725	1896.65	2004.1	2094.725	2188.35	2200.625	2240.625	2483.35	2516.2	2566.4	2746.5	2886.475	2954.575	3068.4	3079.85	3267.325	3415.175	3773.725	3848.55	3849.425	3851.0	3858.9	4163.3	4213.575	4230.35	4274.625	4423.55	4466.875	4591.375	4663.525	4672.875	4683.75	4762.5	4770.8	4808.875	4937.275	4997.05
2	45	315.825	326.975	395.15	482.225	534.1	689.6	736.625	821.075	944.725	1098.35	1102.95	1277.925	1373.075	1527.525	1811.425	1817.425	1919.775	2165.425	2338.65	2436.85	2515.625	2689.825	2717.575	2737.85	2780.575	2813.975	2835.275	3041.475	3155.4	3378.875	3421.075	3733.225	3911.025	3926.9	3986.9	4045.2	4072.075	4107.95	4173.575	4180.05	4336.7	4457.725	4480.8	4684.825	4861.05
3	40	197.425	364.675	549.9	858.525	910.5	942.925	1028.75	1031.0	1046.95	1168.025	1381.225	1413.9	1441.3	1477.525	1498.3	2150.825	2369.525	2390.775	2722.8	2753.425	2795.025	2834.225	2836.95	2919.575	3014.65	3120.9	3139.5	3144.025	3253.725	3378.625	3496.625	3528.75	3581.15	3585.7	3785.025	3895.375	4246.525	4400.8	4629.9	4698.725
4	33	58.6	154.975	560.525	610.775	848.975	1320.85	1356.15	1666.75	1707.25	1858.05	1875.1	2011.8	2157.775	2184.675	2218.3	2421.725	2590.95	2689.925	2879.5	2879.825	2883.325	3191.125	3361.85	3363.225	3393.175	3473.95	3509.95	3714.175	3923.775	4311.425	4479.125	4960.25	4969.275
5	44	28.55	57.675	277.975	419.4	452.85	498.275	521.2	599.375	830.325	1200.5	1271.3	1571.175	1668.975	1722.55	1862.8	1898.375	1908.1	1908.3	2011.425	2039.75	2175.625	2239.55	2243.075	2277.425	2279.45	2319.95	2422.925	2573.525	2662.95	2912.25	3294.0	3325.225	3332.5	3448.775	3504.7	3768.575	3834.4	3910.75	4062.625	4109.85	4183.0	4375.575	4432.275	4621.775
6	59	28.325	36.325	48.925	74.5	113.775	520.95	699.0	701.175	709.075	1204.375	1316.35	1502.6	1669.3	1685.65	1909.05	1919.9	2040.35	2220.125	2300.9	2440.0	2536.15	2617.675	2682.55	2706.55	2706.675	2797.475	2907.4	2972.2	3084.5	3085.425	3116.325	3177.125	3283.325	3350.8	3396.275	3441.275	3443.45	3501.125	3507.2	3527.6	3561.325	3569.025	3623.675	3663.8	3750.775	3804.8	3865.85	3904.075	3910.375	3949.45	4200.6	4247.375	4251.9	4288.25	4414.725	4684.3	4731.575	4777.275	4871.8
7	78	27.975	158.75	201.225	296.125	299.95	352.425	367.1	383.4	465.425	476.65	489.25	499.7	583.175	585.675	600.475	651.65	695.05	716.15	835.225	885.475	1100.975	1126.8	1143.2	1195.675	1245.725	1274.425	1365.675	1394.675	1403.1	1664.625	1729.325	1734.025	1751.225	1842.225	1975.0	2018.125	2120.6	2237.05	2313.7	2317.25	2432.8	2469.725	2563.7	2578.725	2622.475	2647.525	2702.175	3171.0	3173.575	3209.95	3425.75	3536.425	3629.625	3703.2	3711.775	3824.275	3847.3	4077.75	4088.525	4142.0	4170.8	4293.575	4296.225	4315.775	4344.725	4365.35	4382.85	4474.45	4484.25	4539.2	4545.825	4578.2	4655.075	4751.0	4875.1	4924.225	4958.425	4959.95
8	61	95.125	374.625	379.05	516.35	633.375	732.225	775.0	844.05	890.625	945.625	974.425	1009.525	1195.7	1207.75	1250.425	1259.675	1262.0	1434.65	1524.45	1598.35	1706.65	1755.975	1773.275	1886.05	1894.025	2024.2	2121.9	2219.625	2302.025	2335.0	2437.925	2513.175	2646.15	2764.6	2772.25	2936.9	3051.975	3052.225	3058.225	3101.125	3127.75	3405.9	3441.15	3623.275	3628.05	3655.05	3674.425	3717.05	3913.025	3914.025	3945.1	3949.475	3961.7	4088.1	4095.8	4298.4	4402.8	4633.9	4666.5	4715.4	4907.65
9	59	10.15	171.725	196.275	327.775	382.525	518.9	718.675	776.5	807.675	898.075	991.075	1068.525	1089.275	1149.45	1177.9	1189.175	1278.775	1361.425	1377.35	1401.75	1450.8	1539.5	1548.725	1743.325	1746.85	1766.175	1918.875	1940.175	2234.25	2282.6	2403.15	2695.7	2696.475	2792.475	2925.625	3016.975	3316.025	3316.8	3348.025	3438.175	3459.6	3535.925	3536.75	3555.225	3613.4	3653.8	3755.075	4106.45	4112.15	4222.175	4296.825	4417.925	4419.375	4573.0	4755.425	4813.025	4853.225	4868.975	4899.85
10	41	13.05	45.85	56.025	126.575	236.075	505.0	512.925	534.1	859.65	987.225	1016.05	1053.175	1138.425	1159.425	1648.95	1777.075	1793.875	1937.9	2053.55	2176.7	2338.925	2507.3	2650.15	2686.775	2778.475	2848.475	2985.875	3113.075	3287.35	3714.175	3789.05	3850.875	3857.075	3967.325	4186.775	4529.5	4560.6	4761.375	4791.575	4861.15	4870.475
11	45	150.425	566.55	626.8	686.425	690.625	713.95	729.375	793.95	900.2	1218.6	1336.525	1531.275	1658.6	1664.875	1961.125	2099.3	2259.9	2382.6	2420.075	2423.875	2494.875	2820.35	2827.175	3003.175	3042.5	3066.375	3281.95	3335.075	3581.575	3591.025	3634.675	3953.8	4032.1	4116.05	4177.625	4189.025	4256.775	4386.475	4431.25	4567.65	4612.3	4636.825	4739.125	4783.25	4876.8
12	35	25.35	36.9	214.325	388.575	402.25	499.575	755.35	768.2	853.35	915.45	918.125	998.6	1296.9	1467.125	1484.075	1524.975	1578.725	1964.9	2060.45	2332.275	2407.25	2464.825	2496.15	2734.125	2981.225	3030.075	3040.8	3194.125	3205.625	3471.575	3895.675	4149.8	4210.0	4512.475	4605.825
13	84	9.55	117.3	161.5	170.175	173.075	178.075	269.925	278.6	285.5	487.65	490.55	505.975	543.2	552.575	571.4	620.7	716.375	857.325	870.55	1038.25	1089.375	1148.7	1181.375	1321.825	1404.225	1409.35	1496.225	1547.3	1617.5	1683.125	1781.975	1830.425	2037.9	2244.5	2273.2	2429.85	2449.2	2451.75	2551.4	2582.075	2594.625	2603.975	2694.325	2695.325	2705.9	2838.525	2874.2	2981.575	3035.625	3056.5	3071.5	3089.3	3156.4	3207.425	3208.275	3223.7	3241.5	3261.85	3289.075	3349.2	3355.475	3401.825	3513.2	3534.575	3641.775	3645.825	3684.525	3733.425	3789.7	3895.1	3911.95	3928.675	3986.8	4069.5	4072.825	4076.275	4219.5	4376.35	4480.85	4537.95	4609.825	4643.875	4723.25	4850.75
14	175	0.375	24.8	41.8	86.825	90.05	92.125	104.9	130.75	152.075	178.6	181.275	226.5	311.975	316.375	376.75	450.425	470.55	501.05	535.925	545.875	643.225	677.425	695.1	728.2	748.3	759.15	763.875	802.05	822.0	843.55	854.4	873.75	877.7	915.2	948.25	989.25	1005.55	1013.1	1040.525	1049.85	1068.4	1084.725	1117.575	1163.525	1180.525	1192.975	1215.975	1229.5	1277.625	1315.3	1317.65	1369.375	1379.675	1404.275	1422.675	1446.3	1452.4	1467.0	1474.9	1569.35	1647.65	1699.25	1703.85	1723.375	1735.475	1755.725	1772.7	1776.825	1818.25	1822.3	1825.25	1871.425	1873.3	1886.1	1906.05	1922.15	1937.075	1940.425	1948.675	1972.275	2004.325	2049.225	2077.2	2077.425	2092.1	2092.925	2100.6	2114.375	2190.8	2312.4	2355.625	2425.55	2439.5	2443.55	2524.85	2606.875	2623.1	2632.825	2648.925	2754.15	2801.35	2823.575	2837.3	2856.65	2869.425	2880.6	2911.75	2919.175	2936.95	2949.95	2974.825	2978.45	3009.1	3049.95	3060.3	3142.5	3144.725	3197.575	3252.6	3264.5	3277.85	3306.825	3320.025	3343.575	3347.2	3412.375	3510.7	3537.125	3620.775	3686.325	3757.65	3770.15	3791.875	3792.225	3828.525	3829.65	3862.55	3955.8	3960.575	3991.25	3999.15	4083.375	4117.7	4166.475	4181.15	4181.5	4183.4	4258.375	4278.975	4281.15	4343.2	4343.85	4346.825	4394.075	4420.05	4447.2	4451.8	4521.7	4570.875	4578.625	4614.925	4642.1	4644.4	4658.075	4679.8	4777.2	4821.1	4825.575	4855.625	4856.975	4866.175	4871.5	4877.175	4943.15	4997.775
15	162	46.375	110.275	146.825	160.075	163.925	184.025	184.225	204.5	235.925	254.925	255.775	291.6	323.075	354.45	368.675	417.4	450.95	463.375	465.7	650.725	689.075	759.225	771.525	844.875	855.75	873.725	902.675	953.2	974.825	985.6	1021.3	1069.875	1093.375	1109.0	1152.175	1269.975	1279.225	1342.925	1343.075	1366.125	1373.25	1395.475	1412.075	1445.475	1495.25	1500.2	1513.65	1528.45	1543.075	1548.725	1553.575	1585.825	1607.375	1628.05	1745.825	1750.125	1760.25	1770.825	1786.625	1808.475	1813.4	1822.75	1841.3	1860.05	1862.275	1867.575	1875.25	1886.0	1911.575	1921.575	1979.225	2031.65	2032.1	2035.975	2038.025	2042.975	2059.125	2098.125	2106.6	2243.05	2342.8	2417.85	2442.775	2493.9	2499.175	2513.7	2531.95	2579.7	2679.15	2690.65	2696.825	2713.425	2719.725	2762.375	2782.55	2799.225	2822.4	2841.8	2847.25	2853.325	2864.475	2867.975	2877.675	2910.55	2921.7	2943.85	2949.1	2976.775	2982.325	3041.575	3059.075	3107.1	3197.2	3205.6	3208.525	3260.65	3264.625	3280.475	3339.95	3453.675	3486.8	3499.075	3534.325	3541.225	3544.875	3618.6	3634.325	3646.675	3728.65	3754.25	3818.125	3834.5	3838.625	3839.625	3901.3	3909.15	3924.3	4012.125	4014.925	4046.525	4117.35	4132.05	4145.525	4237.3	4253.05	4371.45	4384.5	4399.675	4407.425	4417.95	4459.45	4466.05	4572.225	4597.1	4619.675	4676.25	4688.575	4725.6	4852.525	4860.825	4887.35	4894.175
16	44	3.9	62.025	114.85	115.975	126.875	145.525	231.175	308.8	395.375	507.425	563.025	714.475	1085.625	1383.45	1517.2	1569.9	1614.625	1754.075	1975.6	2281.15	2462.55	2718.625	2766.4	2884.9	2909.275	2969.8	3083.95	3109.025	3133.375	3490.45	3546.575	3753.725	3816.875	3868.825	3871.1	3935.45	4015.825	4057.075	4105.5	4286.15	4416.725	4496.575	4669.675	4962.15
17	36	43.175	287.1	487.975	547.75	659.975	692.275	776.7	899.15	955.9	1003.05	1114.175	1357.525	1464.45	1514.725	1733.65	1809.025	1817.7	1830.7	2212.55	2261.675	2286.025	2315.075	2430.725	2666.325	2756.5	2877.55	3179.05	3464.25	3677.025	4168.675	4223.95	4254.675	4287.025	4322.3	4566.9	4992.625
18	33	6.175	664.775	704.075	711.725	776.85	858.1	928.275	1051.85	1108.45	1124.25	1178.675	1461.275	1560.575	1730.95	1868.5	1870.425	2068.5	2231.575	2269.825	2276.975	2381.15	2768.2	3018.65	3302.875	3497.1	3549.7	3769.975	3801.45	4153.825	4238.625	4632.425	4877.95	4973.05
19	20	215.75	292.3	352.375	593.075	1119.0	1276.55	1904.825	2022.7	2315.85	2344.45	2478.45	2506.25	2627.2	2813.175	2877.55	3069.375	3791.175	3835.125	4706.225	4717.2
20	29	227.5	237.375	240.625	368.35	785.25	829.175	846.075	1203.8	1287.475	1365.9	1743.9	1953.95	2221.45	2378.825	2777.45	3076.125	3129.175	3457.275	3620.05	3653.375	3835.2	3955.1	4077.4	4087.725	4137.025	4278.275	4419.45	4604.225	4857.25
21	66	194.3	206.325	287.525	345.8	373.25	464.55	569.95	723.75	789.4	810.925	844.525	855.7	1203.175	1208.675	1319.225	1382.05	1404.65	1426.475	1439.575	1462.0	1484.3	1497.85	1550.175	1645.825	1698.175	1729.875	1748.2	1849.6	1973.25	2037.175	2064.825	2168.275	2168.375	2225.3	2321.65	2456.9	2469.5	2484.6	2575.875	2807.3	2843.75	2917.825	3106.85	3252.975	3298.15	3445.05	3472.025	3515.875	3563.7	3900.025	3904.375	3964.9	4018.775	4135.25	4194.675	4279.35	4312.9	4343.025	4417.275	4496.875	4584.55	4585.025	4786.625	4793.0	4902.275	4932.45
22	65	137.5	289.6	311.475	325.55	325.6	358.475	442.1	507.75	680.75	697.7	718.6	724.475	732.475	935.45	972.825	978.85	1056.275	1062.625	1083.375	1225.75	1249.525	1325.525	1437.1	1481.625	1487.85	1572.175	1641.425	1773.35	1777.35	2090.725	2254.825	2299.65	2334.875	2468.475	2512.8	2557.7	2680.55	2723.85	2728.175	2760.075	2977.775	3208.025	3261.225	3326.65	3400.775	3470.025	3521.75	3716.25	3849.0	3877.05	3960.2	3966.35	3990.025	4221.675	4393.15	4406.2	4446.325	4523.65	4642.925	4677.55	4698.3	4747.475	4787.375	4849.125	4883.725
23	71	51.125	86.35	364.625	372.075	435.625	465.0	651.725	689.375	722.55	788.55	873.35	887.6	931.1	1036.9	1093.9	1166.225	1235.875	1256.1	1270.85	1277.125	1445.4	1460.425	1577.825	1733.5	1877.975	1892.725	1983.575	2043.9	2195.775	2261.425	2320.95	2384.675	2413.25	2535.95	2553.9	2570.85	2572.475	2677.675	2711.525	2892.875	2994.6	3084.925	3194.8	3249.15	3266.825	3316.575	3359.65	3403.8	3459.425	3480.375	3481.625	3524.7	3592.35	3595.35	3607.075	3629.0	3873.25	3960.0	4104.45	4201.675	4260.475	4322.15	4399.875	4425.4	4529.8	4634.1	4642.8	4660.525	4749.4	4792.65	4951.6
24	188	33.8	60.35	60.475	64.65	136.475	138.275	196.4	208.175	287.45	301.65	307.1	311.0	313.1	314.625	319.725	425.0	464.05	466.525	490.075	507.125	520.25	549.85	557.2	573.05	599.0	626.7	629.25	636.375	642.35	669.95	674.575	793.0	804.325	870.55	892.5	913.825	930.475	966.125	1072.675	1093.575	1117.375	1124.075	1128.6	1137.625	1142.5	1181.95	1210.825	1212.175	1237.225	1295.325	1302.85	1317.35	1321.65	1363.575	1367.275	1437.375	1480.425	1482.075	1484.075	1497.85	1532.825	1625.025	1661.35	1677.05	1764.625	1765.8	1767.3	1775.275	1816.2	1847.4	1861.475	1887.325	1930.1	1993.725	2000.9	2030.85	2040.2	2053.95	2124.175	2141.35	2196.55	2243.55	2253.725	2302.15	2326.6	2385.725	2415.1	2422.95	2484.125	2485.95	2488.2	2498.2	2502.775	2520.2	2576.325	2588.575	2595.75	2617.7	2662.5	2663.525	2696.5	2731.95	2767.725	2795.85	2862.375	2875.75	2893.65	2916.175	2921.4	2987.075	3005.825	3014.525	3024.7	3090.675	3095.25	3104.55	3175.15	3201.375	3203.2	3223.325	3255.1	3336.75	3344.525	3388.85	3399.025	3406.4	3451.9	3455.0	3496.775	3531.625	3544.375	3549.575	3599.625	3612.5	3623.75	3651.575	3670.75	3675.375	3694.025	3740.95	3741.95	3751.425	3837.075	3849.95	3854.575	3860.15	3884.325	3894.0	3905.95	3906.95	3961.2	3964.875	3988.225	4024.55	4093.3	4117.475	4173.35	4186.8	4243.825	4250.6	4285.65	4299.975	4302.225	4322.25	4394.95	4446.0	4448.325	4476.125	4484.25	4544.525	4552.025	4573.25	4583.6	4593.85	4604.775	4650.35	4692.25	4720.05	4758.65	4762.525	4763.625	4780.375	4799.625	4830.575	4923.625	4937.025	4980.6	4991.875
25	22	38.35	625.575	1418.375	1724.25	1763.475	2228.425	2292.3	2361.3	2478.5	2830.95	3003.225	3025.975	3245.95	3255.725	3307.775	3502.85	3617.8	4559.35	4588.775	4622.5	4885.425	4972.0
26	30	203.05	278.175	740.625	1034.075	1243.275	1266.95	1441.35	1576.475	1656.85	1667.525	1688.3	1722.975	1798.45	1957.45	2165.25	2491.55	2520.725	2540.075	3169.1	3217.3	3293.725	3342.75	3421.675	3754.2	3958.525	4297.125	4352.875	4446.275	4665.05	4857.45
27	42	229.725	298.8	439.825	470.075	475.9	487.675	650.475	700.5	756.025	845.025	1065.125	1225.025	1283.75	1340.025	1428.9	1561.6	1723.675	1753.275	1778.525	1852.95	1886.925	2010.7	2499.85	2969.775	3066.55	3142.35	3396.775	3402.725	3438.225	3477.825	3572.625	3603.675	3647.875	3825.0	4031.05	4206.025	4262.6	4486.15	4522.05	4909.975	4924.575	4978.625
28	46	176.075	232.15	311.625	323.525	507.2	508.95	511.625	843.825	1069.5	1076.05	1140.4	1150.725	1236.1	1290.7	1388.925	1494.625	1766.825	2068.525	2232.35	2364.5	2367.425	2625.9	2680.475	2816.05	2983.35	3200.95	3233.575	3304.925	3360.325	3382.2	3449.6	3538.975	3545.95	3970.85	4001.225	4074.05	4159.2	4195.825	4289.0	4424.2	4439.45	4524.425	4572.85	4591.0	4606.2	4843.175
29	24	48.075	266.475	273.6	941.7	1132.65	1148.2	1200.95	1400.6	1446.525	1732.175	2051.325	2082.075	2249.275	2327.125	2706.025	2873.825	3370.85	3397.275	3473.575	3698.175	4217.75	4358.375	4376.875	4529.975
30	23	54.475	112.075	326.25	525.0	628.575	1174.2	1267.425	1329.25	2235.45	2326.325	2634.375	2655.95	2928.225	3272.475	3572.525	3693.775	3966.775	4453.0	4565.425	4585.0	4638.05	4784.0	4921.525
31	65	21.725	84.275	130.725	146.15	153.55	286.35	314.7	334.925	354.0	573.35	582.55	612.825	656.525	772.925	783.3	785.25	806.8	1043.55	1136.425	1397.325	1412.175	1480.175	1482.0	1482.375	1517.225	1687.8	1696.425	1810.225	1826.9	1921.45	1998.55	2085.0	2183.175	2198.1	2243.425	2313.7	2360.55	2431.325	2532.125	2871.125	2925.15	3129.9	3173.075	3197.6	3258.625	3363.125	3396.075	3742.025	3797.075	3867.95	4025.925	4029.95	4040.0	4060.225	4120.6	4128.8	4225.675	4300.8	4305.95	4343.525	4681.525	4681.775	4749.875	4768.35	4803.05
32	43	127.775	246.65	564.775	609.575	619.725	635.425	793.3	943.275	1035.4	1154.85	1236.25	1278.8	1360.075	1386.9	1476.8	1712.325	1947.85	1970.775	2057.05	2572.9	2629.45	2828.45	2909.25	2919.6	2977.7	3090.675	3122.25	3236.575	3255.275	3256.3	3295.275	3463.55	3636.275	3669.1	4028.975	4036.75	4436.6	4501.275	4517.2	4744.675	4776.175	4794.025	4939.2
33	14	172.925	244.475	1056.975	1404.5	1708.025	2232.85	2411.8	3382.7	3724.125	4202.3	4310.85	4435.025	4775.525	4997.525
34	47	203.85	205.275	316.35	329.025	446.35	457.05	560.725	678.65	862.825	1052.225	1102.4	1196.575	1215.875	1483.625	1518.65	1707.225	1778.025	1867.7	1918.55	1938.725	1950.25	2146.475	2249.1	2285.025	2494.05	2569.675	2572.325	2646.975	2870.925	2937.875	2976.175	2987.525	3064.7	3093.35	3129.325	3279.1	3681.925	3912.5	4340.85	4355.55	4400.575	4414.175	4533.0	4562.375	4565.85	4639.8	4895.575
35	41	174.9	241.725	306.675	623.5	666.1	745.175	756.575	774.2	982.275	1131.175	1160.0	1250.625	1288.475	1606.025	1632.95	1700.475	1727.05	1847.475	1868.025	1994.9	2029.3	2168.975	2196.75	2308.45	2416.025	2778.525	2796.125	2979.075	3187.475	3206.45	3245.525	3481.975	4070.125	4079.6	4084.35	4107.725	4245.7	4325.55	4385.375	4457.375	4956.85
36	39	181.65	293.35	563.375	584.75	813.425	910.1	1175.975	1179.525	1514.525	1667.6	1969.7	2061.4	2232.725	2308.15	2503.2	2802.85	2891.875	2977.025	3137.1	3247.35	3330.15	3367.925	3368.95	3421.225	3487.6	3498.35	3544.825	3632.6	3729.825	3857.175	3870.1	4009.2	4190.1	4489.375	4736.175	4784.275	4848.45	4863.275	4876.675
37	174	10.75	26.45	39.825	77.225	79.65	81.475	97.775	121.85	124.45	159.8	250.975	302.475	323.825	368.975	375.8	533.85	544.525	552.5	588.6	601.425	612.475	613.15	616.55	644.15	694.6	726.9	731.675	751.05	761.675	768.75	784.225	827.05	830.375	836.0	839.925	874.125	918.475	939.625	941.325	1039.675	1111.4	1157.225	1202.15	1249.95	1250.175	1281.775	1314.075	1344.55	1350.95	1362.55	1384.3	1389.375	1391.275	1407.075	1410.775	1416.45	1499.65	1503.25	1565.375	1602.6	1672.925	1747.25	1795.45	1802.825	1865.45	1884.05	1884.35	1889.35	1912.525	1968.475	2036.225	2055.425	2071.725	2076.825	2081.325	2130.65	2131.2	2139.6	2164.05	2183.925	2216.15	2239.125	2278.8	2307.1	2316.6	2332.0	2345.5	2440.975	2444.975	2450.275	2453.35	2500.925	2549.425	2563.15	2572.125	2575.825	2577.65	2591.6	2613.925	2616.225	2661.8	2683.05	2734.0	2756.35	2777.15	2815.5	2842.95	2850.25	2952.25	2956.075	2979.1	2997.7	3010.9	3014.975	3035.1	3036.2	3198.4	3235.875	3239.125	3282.45	3284.075	3321.85	3415.6	3447.75	3497.175	3521.225	3629.95	3678.15	3683.15	3833.725	3897.725	3923.525	3956.65	3959.025	3960.3	3977.15	3990.375	3996.625	4064.85	4093.975	4133.9	4142.6	4241.025	4279.0	4290.175	4315.85	4371.05	4376.45	4376.775	4397.175	4424.45	4426.2	4470.2	4491.05	4506.5	4553.9	4567.7	4573.95	4604.35	4612.425	4667.225	4667.825	4698.625	4710.425	4734.5	4734.775	4827.775	4843.775	4850.1	4909.4	4946.8	4960.4	4978.7	4978.925
38	84	25.85	81.95	85.25	152.375	164.425	171.15	192.825	318.25	368.275	517.575	619.175	656.2	683.275	854.625	903.325	912.15	1073.7	1193.525	1206.5	1259.95	1284.925	1352.85	1552.275	1587.15	1711.475	1805.875	1832.1	1842.675	1848.4	1877.825	1879.6	1952.425	2006.85	2044.475	2077.925	2151.375	2181.025	2257.85	2270.35	2281.4	2287.25	2357.9	2396.65	2466.775	2578.65	2589.575	2599.275	2620.875	2700.525	2866.5	3060.925	3115.2	3130.825	3205.15	3256.725	3420.65	3423.425	3536.9	3607.25	3705.95	3711.6	3744.4	3768.775	3888.8	3900.525	3921.7	3953.925	4100.6	4242.875	4246.15	4264.825	4410.0	4503.85	4666.7	4676.725	4744.825	4757.75	4757.775	4778.15	4786.975	4853.675	4887.725	4904.95	4945.2
39	90	81.375	89.1	121.2	139.425	154.4	159.775	183.5	234.45	268.475	274.225	300.75	304.45	394.175	528.1	647.275	743.925	761.525	794.275	811.525	936.5	991.275	998.5	1043.625	1051.275	1107.7	1145.65	1224.775	1283.75	1328.725	1451.3	1488.15	1503.825	1591.5	1630.175	1686.275	1747.1	1819.35	1866.2	1869.95	1947.425	2038.05	2063.75	2076.85	2144.3	2351.775	2384.225	2392.25	2441.4	2463.625	2487.05	2757.025	2758.175	2771.625	2883.625	2918.9	2960.525	3066.225	3068.55	3193.575	3216.75	3379.75	3382.8	3405.45	3490.55	3496.25	3501.725	3583.35	3758.325	3778.55	3816.675	3849.325	3870.4	3946.75	3985.9	4060.55	4085.375	4113.9	4116.825	4146.3	4152.3	4362.85	4363.775	4591.85	4645.325	4709.35	4728.3	4776.675	4846.925	4892.925	4899.225
40	25	100.075	115.95	212.075	648.7	853.925	856.4	913.7	963.475	1237.8	2178.525	2458.7	3005.225	3163.425	3199.45	3288.475	3399.85	3573.525	3818.95	3887.125	3900.025	4079.275	4404.85	4619.925	4701.125	4734.7
41	36	164.725	168.35	182.225	281.25	495.95	550.175	1075.475	1116.125	1362.725	1548.725	1622.85	1683.825	2082.6	2116.2	2254.45	2421.95	2563.5	2741.75	2900.95	2923.35	2955.55	3290.5	3744.9	3957.95	4015.2	4018.25	4173.6	4176.725	4183.3	4448.325	4468.875	4537.8	4716.15	4764.25	4797.9	4881.375
42	76	16.7	85.925	147.8	386.275	504.775	675.525	717.475	738.8	824.9	851.5	885.175	960.225	1018.35	1019.325	1130.2	1218.925	1236.55	1267.0	1289.525	1349.4	1400.375	1424.875	1480.325	1810.425	1922.8	1956.825	2021.3	2167.45	2284.6	2289.725	2351.125	2354.725	2547.625	2638.65	2674.4	2721.425	2732.875	2799.075	2810.5	2870.625	2970.55	2988.35	2997.175	3013.95	3022.3	3108.875	3131.475	3193.8	3200.725	3426.55	3430.925	3562.925	3610.2	3652.425	3652.475	3697.425	3829.7	3830.775	3943.525	4014.625	4080.85	4132.5	4137.975	4301.875	4359.6	4415.375	4441.975	4484.025	4730.425	4740.575	4742.375	4781.475	4855.15	4906.725	4945.375	4978.075
43	216	6.35	43.775	66.15	68.575	68.7	81.225	92.675	95.575	117.925	123.45	135.7	135.95	147.625	157.85	168.975	203.15	212.275	219.825	243.35	281.55	323.925	333.15	343.0	358.5	363.825	380.85	383.1	396.15	490.775	537.725	576.575	582.775	608.3	655.6	699.5	707.025	774.225	775.625	782.675	817.575	894.8	906.875	915.45	998.625	1001.65	1042.15	1053.725	1061.575	1065.35	1067.65	1251.375	1298.325	1348.45	1356.9	1413.425	1418.625	1425.675	1431.325	1437.075	1455.0	1480.3	1482.275	1538.15	1557.325	1587.75	1677.85	1687.35	1702.65	1721.775	1724.15	1777.0	1803.0	1817.775	1825.475	1828.225	1834.725	1837.325	1837.55	1892.425	1898.075	1936.9	1974.1	2004.125	2035.55	2044.7	2070.075	2128.325	2153.0	2180.2	2195.975	2220.2	2230.15	2247.15	2319.325	2327.625	2342.025	2348.525	2356.95	2358.75	2363.5	2378.85	2404.8	2410.575	2433.375	2470.1	2479.4	2548.5	2553.775	2618.075	2704.925	2731.25	2745.525	2745.85	2767.675	2779.325	2815.875	2858.625	2900.65	2904.95	2927.125	2953.625	2964.1	2971.2	3010.1	3013.9	3067.075	3068.0	3076.425	3089.0	3093.3	3095.0	3098.15	3101.05	3110.05	3190.775	3195.275	3197.5	3219.575	3286.975	3296.475	3363.575	3365.85	3388.75	3392.3	3408.375	3410.5	3463.875	3508.8	3512.075	3528.05	3533.15	3553.425	3576.8	3578.475	3584.325	3599.4	3626.05	3673.95	3760.15	3777.575	3800.85	3807.6	3886.75	3891.2	3905.575	4019.15	4020.55	4118.8	4140.45	4151.05	4166.525	4172.95	4173.075	4192.575	4207.05	4265.9	4291.775	4304.6	4306.775	4308.775	4309.45	4317.375	4345.3	4345.85	4346.4	4409.05	4432.325	4471.65	4476.35	4506.55	4509.3	4514.425	4516.5	4535.4	4539.225	4553.85	4554.175	4565.8	4568.75	4627.3	4670.8	4708.525	4737.675	4750.65	4757.2	4773.2	4779.075	4790.825	4798.8	4817.525	4845.625	4904.325	4911.5	4959.4	4962.825	4971.075
44	40	35.125	216.25	519.6	584.325	714.275	828.675	898.275	915.95	958.0	972.025	994.325	1212.5	1265.85	1390.05	1636.1	1680.275	1902.45	2182.5	2199.225	2300.7	2452.2	2476.425	2624.2	2700.45	2790.025	2866.625	3174.525	3212.325	3332.4	3555.65	3877.45	4057.2	4209.575	4307.0	4379.25	4382.55	4408.35	4675.925	4809.95	4891.2
45	41	49.025	67.05	167.65	368.7	451.45	483.8	543.675	913.35	1010.675	1079.525	1102.075	1263.425	1376.9	1512.0	1519.45	1570.075	1869.2	2087.5	2144.175	2151.075	2313.75	2357.575	2359.775	2469.85	2647.9	2686.3	2731.875	2745.0	3057.05	3156.95	3373.725	3436.55	3449.35	3638.2	3790.325	4025.975	4241.975	4292.3	4478.6	4740.6	4924.175
46	39	224.3	231.95	314.25	344.675	395.85	473.3	603.85	893.75	946.45	1026.675	1404.875	1418.85	1552.775	1573.55	2112.475	2157.35	2181.75	2244.1	2281.625	2442.45	2564.9	2666.325	2773.5	3011.05	3097.775	3119.65	3153.85	3304.5	3469.45	3474.475	3669.0	3994.35	4230.55	4377.475	4396.2	4483.05	4608.5	4673.425	4786.25
47	40	0.625	55.45	90.425	397.825	428.325	446.85	553.725	776.25	926.7	970.025	984.15	1143.775	1147.95	1261.05	1614.1	1675.55	1806.2	1853.9	2097.275	2317.15	2391.025	2428.1	2502.025	2544.75	3109.375	3201.775	3208.1	3345.05	3475.0	3628.725	3679.325	3803.125	3814.725	3828.35	3882.625	3953.15	4062.0	4269.075	4274.775	4613.175
48	35	108.575	223.45	643.35	1054.85	1226.725	1248.575	1339.65	1412.725	1658.2	1736.725	1866.3	1963.975	2078.35	2108.025	2290.8	2326.875	2635.0	2913.125	2933.775	3007.15	3020.875	3121.15	3164.35	3454.875	3461.125	3669.05	3929.725	3991.95	4032.85	4043.45	4381.875	4497.5	4693.05	4909.8	4921.15
49	55	96.425	174.875	239.9	384.475	385.1	412.575	434.1	510.375	592.65	704.95	750.9	963.725	1087.075	1201.375	1275.375	1411.425	1564.35	1655.875	1673.8	1828.4	1938.975	1987.425	2035.925	2278.475	2597.0	2631.0	2710.65	2936.075	2952.325	3182.825	3193.35	3307.875	3488.325	3507.8	3603.85	3664.825	3684.525	3689.3	3712.3	3865.75	3870.75	3996.525	4014.125	4132.45	4328.525	4449.25	4544.425	4617.375	4622.95	4629.2	4724.55	4908.325	4910.4	4913.35	4932.125
50	75	35.975	57.8	149.85	295.275	375.5	410.0	419.45	526.775	594.7	601.65	606.275	607.525	779.4	786.25	851.25	995.275	1003.75	1076.45	1100.275	1120.25	1149.425	1184.275	1267.125	1457.9	1494.225	1515.0	1517.675	1712.2	1732.925	1888.95	1967.7	1994.95	2005.425	2105.975	2139.7	2146.125	2155.85	2220.825	2261.0	2310.65	2356.725	2368.05	2463.025	2640.125	2659.175	2662.925	2707.7	2781.15	2804.825	2855.85	3033.05	3111.525	3319.425	3397.0	3439.9	3448.825	3471.125	3573.075	3622.2	3649.275	3776.975	3938.525	3946.1	4050.15	4141.5	4256.9	4437.75	4456.675	4499.075	4546.25	4863.575	4864.35	4893.7	4990.475	4991.275
51	53	144.85	350.8	442.5	486.15	552.95	559.375	609.375	617.525	683.775	726.8	751.65	818.5	845.3	1410.5	1484.825	1573.475	1636.675	2031.35	2111.35	2116.6	2150.8	2158.85	2327.575	2383.7	2399.675	2474.325	2490.775	2536.55	2605.45	2755.775	2854.3	2992.625	3019.15	3125.625	3348.725	3381.45	3540.075	3585.075	3689.45	3908.575	3968.225	4120.225	4295.75	4413.975	4507.15	4541.325	4559.225	4582.275	4772.8	4777.975	4785.55	4837.125	4956.35
52	57	21.9	22.6	35.525	241.625	244.375	250.5	398.225	440.075	443.4	482.55	615.575	707.575	892.575	960.775	982.05	1056.925	1129.725	1663.575	1680.7	1695.975	1740.975	2034.275	2141.4	2205.375	2320.975	2339.975	2422.45	2461.7	2610.475	2621.7	2669.325	2671.1	2725.4	2728.325	2797.4	2834.525	2837.725	2968.25	2989.2	3066.425	3117.0	3187.125	3211.95	3334.9	3366.975	3372.225	3385.3	3535.6	3800.525	3819.375	4090.75	4309.7	4330.125	4339.125	4473.6	4517.1	4977.825
53	48	138.6	287.175	325.7	376.45	400.275	423.625	463.525	495.35	674.6	726.625	784.575	1009.15	1350.4	1417.95	1461.5	1465.15	1481.825	1532.4	1745.975	1794.425	1959.975	2085.0	2224.2	2282.875	2325.575	2528.35	2864.675	3012.325	3067.125	3084.9	3235.425	3361.0	3393.625	3458.525	3519.35	3554.075	3617.0	3919.85	3963.875	4253.775	4333.2	4441.95	4465.125	4505.15	4727.0	4731.175	4849.175	4986.2
54	40	34.25	56.75	93.4	110.8	177.875	189.9	209.65	387.35	416.65	538.775	879.85	881.275	1348.5	1371.9	1390.725	1432.05	1498.15	1645.7	1694.2	1855.6	1867.775	2390.6	2393.625	2597.325	2667.95	2679.5	2745.925	2912.15	3034.75	3067.275	3316.2	3470.625	3783.2	4054.075	4110.375	4174.675	4287.75	4455.4	4476.25	4626.1
55	32	94.875	246.475	389.175	551.125	566.95	855.525	862.475	872.6	979.85	1331.85	1383.625	1420.05	1544.9	1576.8	1636.075	1665.35	1776.775	1919.3	1985.225	2103.925	2201.975	2286.7	2447.05	2591.9	2723.575	2900.45	3454.2	4145.2	4276.65	4442.575	4523.9	4967.275
56	96	66.1	159.775	274.3	320.8	329.525	463.175	481.15	492.875	501.575	582.5	589.45	610.1	655.45	721.575	825.95	871.5	949.725	962.725	1108.1	1187.975	1219.1	1232.75	1236.0	1261.0	1280.15	1296.625	1437.825	1462.775	1485.425	1495.05	1515.6	1516.6	1591.975	1624.95	1654.175	1654.275	1729.725	1742.525	1785.4	1812.45	1973.525	2067.175	2154.275	2202.45	2219.975	2258.2	2281.1	2363.1	2374.65	2436.05	2483.075	2639.2	2722.275	2744.65	2840.525	2872.575	2873.825	2915.875	3109.95	3179.975	3291.625	3327.5	3331.15	3383.25	3439.775	3442.925	3453.575	3495.15	3503.8	3783.525	3975.425	3976.45	3978.25	3993.025	4091.975	4152.75	4165.25	4208.425	4261.85	4310.425	4428.0	4448.05	4507.4	4571.25	4579.45	4580.575	4582.725	4586.225	4734.25	4787.075	4806.6	4837.975	4844.925	4860.925	4886.65	4934.95
57	184	13.825	19.125	33.25	37.325	105.875	120.775	131.675	151.15	175.85	178.225	184.65	270.975	316.8	320.725	418.775	423.65	459.65	475.675	512.7	546.125	557.6	562.175	565.15	574.625	591.3	603.75	680.1	686.575	693.525	722.425	722.675	758.95	796.525	809.0	814.575	836.65	846.525	893.9	910.325	911.725	926.475	934.8	941.875	946.375	984.725	997.125	1033.675	1054.15	1075.675	1122.85	1147.975	1149.975	1163.85	1167.75	1189.825	1198.425	1198.625	1235.225	1250.725	1288.15	1330.325	1351.575	1379.625	1420.825	1435.725	1461.825	1492.75	1502.875	1530.775	1607.575	1609.925	1617.775	1671.975	1686.525	1693.075	1731.125	1754.175	1793.275	1845.775	1857.725	1871.075	1874.15	1876.75	1891.475	1907.3	1914.875	1960.875	1967.575	1996.05	2030.275	2070.625	2143.225	2151.3	2158.9	2191.325	2236.175	2249.6	2256.125	2280.925	2302.35	2359.275	2406.9	2417.225	2443.05	2454.925	2467.075	2489.975	2501.225	2569.025	2569.9	2684.6	2702.675	2724.7	2805.8	2848.625	2860.4	2997.25	2997.4	3027.075	3044.35	3061.675	3077.1	3091.125	3131.75	3160.7	3220.825	3260.3	3267.15	3267.2	3325.75	3424.675	3473.85	3615.55	3625.7	3645.15	3655.975	3666.95	3674.25	3713.75	3749.75	3790.45	3796.325	3897.75	3901.525	3902.175	3919.4	3927.775	3980.025	3985.7	4004.325	4019.675	4038.975	4090.1	4121.175	4140.225	4174.125	4209.725	4227.5	4239.475	4269.525	4273.125	4304.8	4358.1	4439.6	4450.025	4491.65	4514.25	4521.45	4566.4	4569.25	4581.325	4591.575	4600.05	4618.125	4632.025	4635.6	4699.55	4725.925	4810.125	4850.3	4932.575	4962.55	4962.8	4988.925
58	164	36.9	103.25	138.3	161.225	162.7	221.8	330.425	336.9	346.9	386.35	429.4	433.8	442.05	442.4	484.475	506.675	546.525	554.8	594.0	611.475	688.775	709.0	730.525	756.175	770.875	782.625	881.85	995.6	1055.95	1075.25	1083.25	1117.2	1121.8	1137.575	1145.45	1158.35	1167.7	1171.2	1181.5	1200.75	1216.825	1234.375	1243.325	1250.2	1272.725	1273.05	1273.375	1322.375	1395.075	1450.7	1461.325	1462.85	1531.8	1665.8	1695.275	1712.25	1738.875	1746.325	1814.1	1815.325	1881.825	1955.525	1970.725	1972.95	1974.8	1975.1	1990.1	2037.25	2038.7	2069.975	2087.0	2091.225	2099.125	2141.55	2169.45	2204.35	2208.375	2237.975	2264.15	2270.825	2286.225	2309.875	2315.0	2328.65	2369.1	2387.2	2397.775	2399.875	2411.85	2438.925	2495.2	2520.1	2553.375	2589.0	2600.825	2631.825	2659.25	2874.95	2897.825	2911.775	2919.275	3014.9	3135.55	3146.125	3160.95	3165.9	3173.05	3209.15	3265.6	3280.675	3319.775	3334.625	3344.5	3345.75	3437.875	3442.375	3445.7	3466.225	3496.0	3496.025	3558.9	3676.575	3687.4	3764.25	3824.225	3826.55	3874.925	3875.925	3921.7	3928.75	3950.5	4048.275	4068.95	4116.825	4183.875	4221.125	4306.1	4398.25	4436.05	4452.6	4482.875	4485.775	4525.175	4580.925	4596.025	4598.375	4616.9	4638.9	4641.15	4643.725	4702.55	4704.675	4705.075	4724.95	4739.05	4785.7	4787.05	4797.775	4804.825	4831.2	4874.475	4889.175	4901.675	4961.425
59	43	79.325	101.9	120.05	135.975	222.175	399.2	422.95	554.575	561.35	579.0	804.85	820.725	945.175	1073.2	1324.9	1379.1	1420.15	1420.45	1504.55	1713.475	1814.25	1852.375	2067.175	2110.4	2120.75	2329.875	2413.6	2495.65	2748.5	2912.425	3132.8	3205.625	3330.575	3431.6	3914.95	4103.85	4179.675	4361.025	4465.45	4499.025	4523.825	4805.5	4871.725
60	40	110.65	404.075	454.875	462.75	534.725	584.425	742.25	778.5	1225.95	1506.1	1618.275	1757.5	1867.575	2039.625	2402.55	2426.875	2489.65	2610.625	2825.625	2923.9	3001.45	3073.25	3110.875	3156.425	3459.575	3512.65	3583.65	3650.1	3703.9	3797.65	3821.775	4038.05	4086.2	4101.425	4198.775	4509.075	4599.15	4648.275	4757.925	4973.525
61	39	114.15	185.725	322.5	488.7	510.65	632.7	695.25	722.4	793.675	899.875	1024.525	1367.525	1511.825	1775.35	1908.1	1940.55	2095.8	2299.3	2580.2	2640.0	3078.4	3094.9	3142.3	3284.9	3296.225	3339.15	3397.325	3533.125	3857.9	3905.35	3925.025	3976.95	4035.75	4044.975	4176.575	4511.325	4693.025	4853.0	4947.85
62	21	104.675	236.275	485.825	615.625	985.225	1097.95	1533.975	1691.55	1803.7	2041.075	2379.075	2428.65	2555.85	2574.175	3447.925	3589.1	3673.8	3901.375	3908.3	4146.375	4924.3
63	28	134.025	150.975	209.725	415.85	580.175	773.9	994.3	1055.7	1202.4	1455.1	1912.275	2164.7	2292.85	2533.95	2620.875	2700.675	2912.225	3142.975	3262.575	3414.8	3551.725	3602.975	3876.525	4463.95	4554.7	4776.0	4821.25	4911.45
64	60	43.45	63.5	91.375	145.35	153.7	188.05	372.475	435.3	535.175	555.375	695.6	816.675	837.65	927.925	946.0	1084.7	1179.8	1272.95	1530.05	1600.35	1610.2	1634.5	1722.425	1734.0	1840.25	1867.525	1877.125	1947.275	2039.725	2146.6	2252.85	2433.575	2631.05	2669.275	2991.525	2996.975	3044.95	3203.1	3261.4	3385.6	3456.925	3470.425	3495.35	3515.25	3586.875	3614.975	3651.3	3704.225	3717.725	3853.125	3857.3	3906.675	3971.025	4124.375	4147.525	4224.9	4319.75	4530.75	4758.65	4978.225
65	53	2.375	218.1	491.3	535.65	635.75	768.4	775.825	823.85	856.7	868.775	949.95	1101.7	1131.575	1145.475	1412.75	1697.85	1760.7	1854.8	2014.425	2060.275	2208.7	2235.5	2401.525	2641.55	2728.1	2773.525	2821.9	2983.825	3157.4	3219.7	3259.6	3504.825	3580.025	3638.975	3648.775	3654.75	3795.675	3874.85	4010.825	4012.4	4105.7	4117.2	4193.125	4196.075	4214.925	4279.45	4417.05	4500.3	4544.0	4575.075	4913.375	4933.375	4937.25
66	93	193.65	269.05	289.15	346.075	351.0	355.425	361.05	381.45	495.6	509.425	517.1	547.875	614.275	739.175	834.375	852.45	958.95	959.625	1064.175	1228.05	1279.975	1293.925	1415.375	1455.25	1474.225	1563.3	1579.425	1602.875	1611.05	1618.7	1640.875	1650.875	1862.7	1920.975	1930.4	1986.5	1996.4	2025.3	2027.35	2054.625	2071.2	2100.875	2105.725	2189.925	2214.425	2246.075	2248.25	2259.025	2504.225	2557.6	2590.05	2600.475	2626.55	2693.35	2754.25	2814.375	2877.1	2893.4	2917.55	2920.85	3033.775	3086.5	3174.775	3202.025	3244.125	3331.775	3366.5	3584.375	3633.325	3654.325	3659.525	3730.925	3942.575	3946.3	3950.15	4002.375	4039.975	4086.45	4185.15	4191.425	4303.275	4319.1	4369.925	4398.675	4423.975	4624.275	4812.475	4870.65	4874.525	4966.3	4977.575	4994.15	4999.575
67	165	39.85	65.65	102.175	166.825	197.75	208.425	220.15	222.15	232.775	243.6	247.85	251.15	253.5	265.725	336.325	345.525	372.1	381.0	386.725	457.525	475.375	490.025	584.9	597.725	619.425	662.55	700.275	707.625	721.5	749.825	801.65	827.25	831.825	849.725	853.95	887.225	902.575	920.625	944.275	1004.75	1043.425	1057.275	1068.275	1148.95	1152.2	1177.4	1188.425	1189.65	1209.975	1258.9	1389.675	1396.025	1406.775	1477.55	1555.125	1583.525	1682.15	1725.525	1726.475	1744.9	1774.675	1777.45	1791.1	1826.8	1911.7	1966.2	1994.475	2008.275	2100.575	2121.85	2137.675	2195.05	2225.425	2251.425	2289.625	2312.575	2343.675	2448.25	2454.575	2469.3	2479.575	2480.625	2550.8	2607.625	2622.35	2622.675	2633.775	2659.175	2663.45	2682.85	2749.55	2819.0	2873.725	2888.225	2902.225	2902.775	2953.925	2954.125	2971.575	2990.35	3050.025	3087.15	3128.475	3144.95	3172.95	3176.475	3177.275	3186.45	3196.25	3265.725	3267.1	3288.375	3290.425	3307.975	3329.75	3405.825	3427.8	3430.45	3436.925	3452.2	3462.0	3473.325	3493.375	3533.05	3623.525	3721.3	3732.075	3743.575	3792.65	3869.675	3936.425	3989.05	3999.05	4052.6	4053.425	4080.35	4129.45	4132.5	4169.3	4170.45	4182.0	4272.05	4309.25	4310.55	4351.725	4367.025	4391.85	4434.525	4484.1	4525.6	4541.175	4604.125	4659.175	4717.325	4731.95	4741.225	4794.275	4809.925	4814.9	4818.375	4831.15	4945.05	4950.275	4964.875	4972.75
68	21	477.8	482.575	796.225	847.3	980.525	1098.75	1112.1	1309.525	1993.475	2015.8	2425.6	2910.2	2914.175	2956.275	3377.25	3950.4	4352.175	4389.4	4713.325	4875.475	4965.725
69	17	211.55	373.45	878.825	1033.05	1389.05	1658.25	1757.675	2075.2	2292.45	2458.875	2571.825	2952.55	3331.775	3357.175	3723.05	4749.575	4998.475
70	52	48.15	187.875	275.2	311.725	440.875	584.8	591.525	612.875	650.4	750.85	820.15	872.15	975.875	1107.45	1174.275	1193.65	1225.575	1411.25	1651.225	1677.475	1711.425	1777.375	1913.675	1992.125	2119.35	2273.25	2348.8	2361.225	2433.85	2522.925	2523.95	2604.45	2683.55	2776.65	2928.2	3017.7	3100.825	3158.15	3574.175	3856.675	4035.35	4066.175	4118.65	4145.85	4303.75	4488.5	4521.1	4547.825	4606.075	4837.9	4892.225	4931.375
71	32	222.65	399.625	556.8	771.425	837.975	1095.375	1194.0	1208.225	1302.575	1719.55	1784.4	2040.525	2222.45	2258.275	2474.1	2474.975	2611.425	2685.525	2757.175	3144.5	3351.35	3411.9	3419.8	3823.45	3882.775	3987.975	4167.575	4386.475	4443.2	4465.65	4586.575	4950.0
72	25	503.0	822.05	945.675	1007.775	1105.45	1643.2	2004.125	2383.975	2421.05	2510.6	2512.0	2522.5	2612.175	2792.925	3398.15	3587.05	3830.45	4011.8	4151.75	4185.125	4319.65	4403.85	4587.375	4593.375	4980.55
73	27	89.475	348.325	398.425	463.925	518.275	1007.15	1223.95	1251.35	1252.525	1987.075	2050.675	2373.825	2481.8	2494.425	2618.425	2675.325	2785.5	2898.9	2923.5	3322.05	3661.7	3700.35	4171.925	4185.925	4540.5	4628.075	4873.025
74	61	67.625	103.375	288.75	301.75	411.575	419.4	424.4	581.65	671.3	692.05	755.85	822.075	851.6	886.35	1017.55	1049.625	1150.45	1284.625	1286.475	1423.175	1468.675	1558.375	1612.4	1618.2	1667.2	1933.4	1968.325	2002.75	2020.6	2176.375	2247.675	2286.025	2314.875	2446.425	2450.175	2572.275	2621.6	2960.3	2989.875	3211.275	3249.4	3258.075	3307.45	3381.65	3415.55	3487.85	3513.275	3616.35	3678.775	3679.9	3769.7	3842.7	3866.15	4196.275	4316.025	4340.2	4345.55	4346.6	4369.7	4609.75	4996.175
75	57	118.475	159.475	196.2	242.025	270.65	273.125	632.8	721.7	799.575	826.725	926.25	1140.725	1194.475	1235.9	1324.475	1353.725	1497.9	1556.9	1560.7	1591.675	1774.825	1806.625	1879.975	1931.575	2011.875	2052.975	2158.475	2267.15	2413.175	2607.35	2696.125	2707.275	2780.975	2912.45	2928.325	3054.975	3056.2	3128.85	3255.325	3282.925	3607.35	3683.975	3771.45	3979.675	4221.575	4226.7	4303.35	4393.85	4515.15	4577.05	4600.775	4737.625	4783.675	4836.0	4897.7	4923.225	4934.575
76	11	135.3	189.125	754.325	1331.325	2669.55	2978.15	4153.425	4560.15	4568.875	4636.35	4955.55
77	56	55.325	116.25	127.35	264.575	490.1	566.1	742.875	814.3	1084.425	1115.125	1239.075	1334.0	1427.375	1533.975	1589.625	1735.7	1913.9	1940.275	2042.25	2103.325	2113.95	2152.575	2215.425	2270.75	2282.575	2287.325	2351.75	2489.8	2495.55	2508.15	2666.95	2689.025	2792.65	2973.925	3040.05	3128.55	3163.625	3260.9	3320.675	3358.7	3487.85	3530.325	3581.65	3699.275	3712.5	3970.225	4326.4	4401.35	4554.275	4579.1	4672.225	4687.85	4732.575	4797.475	4803.225	4814.35
78	51	52.35	132.9	344.775	485.95	490.125	492.05	495.675	685.2	882.775	953.4	974.05	975.875	1169.875	1190.925	1330.125	1419.775	1511.925	1541.775	1564.925	1574.675	1733.225	1856.175	1976.65	2119.675	2337.1	2357.325	2442.725	2666.875	2854.175	2927.325	3043.05	3049.825	3204.2	3298.9	3504.0	3531.725	3588.85	3609.0	3846.0	4028.675	4120.625	4197.025	4398.2	4508.3	4541.725	4594.55	4621.975	4757.675	4845.6	4872.4	4946.65
79	33	359.0	533.225	597.425	717.8	746.75	1205.525	1222.375	1227.275	1419.75	1451.225	1493.05	1528.325	1620.475	1811.7	1968.95	2105.075	2173.7	2603.675	2652.85	2840.65	3064.925	3312.3	3400.425	3455.825	3493.9	3559.075	3899.95	3953.55	3960.65	4028.85	4294.35	4589.775	4865.225
80	171	1.675	66.35	73.125	79.15	121.125	139.625	220.8	239.85	383.25	403.85	437.225	448.4	510.925	552.975	565.825	689.35	689.65	721.15	723.95	765.775	765.975	854.8	895.925	906.075	943.375	1001.2	1020.3	1034.025	1035.65	1057.4	1068.875	1081.15	1136.85	1156.275	1158.525	1220.5	1273.2	1311.875	1425.125	1449.075	1477.2	1493.325	1566.275	1602.95	1624.9	1650.9	1800.3	1810.925	1838.05	1848.725	1851.725	1875.025	1923.2	1961.975	1980.25	2005.55	2145.925	2168.2	2204.525	2311.575	2312.025	2338.225	2395.6	2407.35	2413.925	2419.2	2500.525	2545.5	2547.4	2570.075	2591.2	2605.375	2611.3	2612.075	2643.4	2643.425	2671.05	2712.65	2735.1	2763.775	2787.55	2835.825	2911.25	2971.75	2994.8	2998.1	3047.325	3048.4	3057.075	3110.225	3161.525	3166.925	3294.325	3295.875	3299.0	3308.525	3365.85	3389.725	3412.95	3522.925	3530.0	3563.925	3599.45	3602.35	3610.175	3628.725	3645.05	3646.475	3669.425	3674.25	3692.825	3728.7	3735.475	3759.175	3780.85	3818.775	3822.4	3874.975	3898.6	3909.925	3936.275	3948.35	3950.4	3966.225	3981.0	4023.9	4060.55	4082.2	4167.95	4177.175	4183.05	4209.375	4265.25	4301.975	4302.4	4308.95	4316.725	4317.775	4337.125	4342.9	4343.4	4355.125	4408.05	4425.3	4439.2	4473.6	4477.6	4480.875	4482.325	4487.95	4547.45	4549.15	4578.625	4582.175	4586.9	4676.875	4697.075	4702.825	4726.075	4763.1	4788.05	4808.875	4852.25	4855.625	4865.0	4877.35	4891.075	4917.525	4941.65	4979.125	4997.875
81	78	4.925	29.35	170.025	211.625	253.3	258.7	318.925	323.025	421.175	438.625	517.025	579.525	695.2	712.2	766.825	883.975	905.425	928.45	987.0	991.975	1168.375	1224.875	1234.25	1236.275	1291.4	1424.55	1453.8	1523.0	1534.775	1537.6	1562.9	1574.675	1581.5	1591.1	1679.15	1723.6	1843.4	1870.675	1940.475	2062.925	2089.825	2103.825	2208.3	2216.175	2223.125	2331.3	2350.4	2412.675	2510.175	2641.6	2714.775	2842.025	2995.6	3055.625	3158.675	3221.675	3330.425	3334.875	3441.975	3501.85	3682.15	3687.375	3782.7	3833.5	3942.675	4016.475	4040.25	4091.625	4121.6	4150.625	4166.4	4198.425	4288.35	4303.125	4346.225	4447.775	4494.625	4543.625
82	74	7.0	30.025	57.85	87.75	96.45	129.45	187.45	312.05	520.15	552.65	635.475	643.425	650.875	652.575	786.375	796.95	812.1	815.375	945.55	969.5	972.925	1092.1	1151.175	1348.75	1369.675	1374.85	1492.175	1652.3	1699.925	1860.55	1901.825	1932.4	2062.675	2272.4	2282.9	2300.325	2464.375	2539.25	2548.95	2624.55	2640.6	2657.675	2667.125	2671.7	2700.825	2744.25	2777.3	2868.375	2937.55	3157.05	3168.225	3278.1	3512.275	3527.925	3536.475	3569.325	3865.775	3881.8	3890.175	3920.825	3944.525	4130.4	4132.275	4224.65	4235.2	4338.7	4418.5	4557.525	4609.875	4626.45	4649.675	4746.025	4807.725	4965.15
83	28	208.775	663.65	812.85	866.6	868.825	897.225	1263.475	1488.5	1753.275	2577.0	2663.05	2759.925	2795.25	2820.8	2884.25	3036.575	3324.475	3456.7	3677.4	3941.15	4091.9	4223.675	4487.625	4711.975	4886.375	4931.4	4948.75	4985.125
84	36	29.925	213.6	242.25	271.425	279.075	305.25	444.9	532.225	889.125	970.025	977.325	1237.5	1487.875	1553.325	1842.35	1927.95	2000.525	2034.975	2170.675	2179.1	2442.8	2455.9	2472.725	2560.825	2725.5	2911.95	3100.925	3339.975	3383.525	3555.875	3588.675	3638.325	3700.425	4050.65	4334.175	4649.1
85	59	19.475	97.125	197.325	237.825	285.225	398.7	660.075	706.25	712.55	754.875	805.1	816.85	848.775	853.35	887.7	991.8	1113.65	1119.225	1529.475	1631.525	1707.6	1796.8	1991.175	1994.9	2200.7	2497.1	2535.05	2627.475	2698.625	2830.225	2838.3	2968.5	2981.4	2986.35	3158.15	3159.525	3168.95	3326.8	3403.8	3531.2	3578.875	3600.45	3713.275	3719.175	3800.125	3876.325	3908.05	4100.375	4132.425	4239.45	4250.4	4556.625	4611.075	4733.65	4734.3	4776.925	4831.1	4941.8	4964.5
86	227	62.275	79.425	89.775	90.925	143.95	151.3	188.525	214.95	228.75	231.25	249.1	252.875	273.05	286.625	292.9	348.2	361.725	442.7	472.4	478.525	484.45	496.05	527.975	540.85	552.825	604.45	604.5	607.825	612.475	616.675	617.725	692.275	710.325	713.225	713.725	736.75	742.3	773.75	786.775	787.075	787.125	818.775	839.8	840.075	860.125	861.425	878.675	901.85	970.6	974.55	1031.6	1133.3	1154.0	1158.325	1161.475	1218.825	1249.625	1263.0	1271.7	1300.95	1330.675	1440.375	1459.275	1477.025	1507.075	1519.675	1530.75	1533.125	1547.1	1559.75	1566.575	1606.225	1660.65	1690.15	1690.675	1707.2	1714.5	1752.15	1758.575	1773.425	1782.675	1796.875	1808.7	1823.925	1895.475	1896.225	1903.225	1981.825	1998.4	2051.65	2069.25	2070.375	2073.05	2074.625	2105.2	2136.4	2176.95	2182.375	2194.2	2196.5	2333.325	2381.05	2415.725	2419.975	2432.15	2433.9	2462.95	2474.225	2490.25	2494.75	2508.35	2509.375	2513.375	2526.925	2537.325	2547.85	2592.475	2605.325	2610.2	2619.375	2626.3	2648.1	2648.775	2651.425	2671.275	2683.2	2723.575	2762.4	2775.2	2796.675	2816.675	2823.575	2830.025	2830.825	2837.825	2868.95	2885.175	2906.975	2914.75	2939.1	2941.05	2945.375	3004.525	3007.025	3070.45	3126.4	3136.4	3153.975	3185.975	3186.775	3192.775	3199.7	3224.775	3242.925	3252.45	3260.65	3261.65	3348.7	3367.4	3391.8	3441.15	3456.175	3474.925	3478.2	3478.525	3496.475	3505.675	3542.675	3574.425	3600.175	3600.7	3618.4	3682.75	3691.975	3718.775	3725.625	3733.2	3742.3	3777.825	3822.9	3862.925	3870.425	4006.45	4043.6	4050.25	4080.65	4093.3	4111.275	4168.025	4176.325	4190.7	4210.875	4224.9	4227.4	4234.325	4234.575	4235.15	4259.1	4260.875	4347.825	4371.775	4417.025	4464.725	4479.475	4498.2	4505.65	4540.775	4575.4	4585.925	4642.175	4666.175	4701.7	4710.425	4761.05	4772.35	4773.625	4781.1	4809.1	4810.025	4841.8	4853.825	4873.5	4882.375	4914.575	4947.7	4966.7	4977.425
