0.866147	0.046889	0.762220	0.551939	0.536209	0.507930	0.220434	0.171739	0.398887	0.127572	0.192575	0.853603	0.803823	0.022842	0.113124	0.208862	
0.371890	0.864920	0.798704	0.380633	0.531727	0.635868	0.959376	0.947020	0.537040	0.580942	0.355020	0.301987	0.980489	0.516163	0.613618	0.402611	
0.930860	0.102726	0.804167	0.286159	0.441806	0.945791	0.661763	0.947935	0.183090	0.887665	0.970061	0.715784	0.139508	0.097869	0.248824	0.060483	
0.237019	0.422078	0.845177	0.884900	0.547330	0.621463	0.834884	0.662124	0.155111	0.929230	0.555464	0.931513	0.925065	0.849655	0.981814	0.096812	
0.386117	0.590502	0.126543	0.558638	0.585161	0.694640	0.887953	0.524656	0.497866	0.988395	0.365784	0.444785	0.182656	0.319341	0.292599	0.499350	
0.144255	0.260010	0.135786	0.491304	0.165748	0.853066	0.125465	0.074233	0.231679	0.507326	0.575384	0.920123	0.963509	0.385162	0.288904	0.220321	
0.672852	0.415724	0.318027	0.911063	0.493391	0.281473	0.566324	0.177126	0.209663	0.467077	0.384233	0.067538	0.793606	0.231401	0.214098	0.908575	
0.016543	0.775907	0.361640	0.972075	0.484546	0.788473	0.656318	0.073536	0.527980	0.578290	0.481730	0.457028	0.327815	0.827850	0.036712	0.386586	
0.084559	0.574537	0.263598	0.018919	0.581239	0.799807	0.572381	0.452314	0.344729	0.590579	0.169584	0.058495	0.007725	0.192660	0.534772	0.077389	
0.232836	0.485516	0.538681	0.321911	0.952602	0.675328	0.604330	0.067210	0.301955	0.284729	0.912977	0.029690	0.404143	0.870036	0.672076	0.106775	
0.835829	0.095098	0.389061	0.722825	0.411019	0.240329	0.981524	0.988161	0.688018	0.366445	0.595972	0.421829	0.533891	0.551752	0.586057	0.185187	
0.985875	0.066504	0.194187	0.891731	0.961714	0.433171	0.067864	0.731955	0.439136	0.744560	0.786545	0.680951	0.038090	0.064200	0.975977	0.064824	
0.864129	0.987000	0.347223	0.069026	0.649297	0.466441	0.690166	0.425794	0.388353	0.367983	0.042441	0.079106	0.205519	0.334408	0.251579	0.095685	
0.980873	0.092182	0.349142	0.187069	0.176337	0.865263	0.903263	0.419932	0.801258	0.024621	0.553641	0.933324	0.137085	0.153529	0.965776	0.792659	
0.147045	0.019051	0.072819	0.534166	0.551223	0.582016	0.271679	0.148171	0.391743	0.760944	0.519528	0.264820	0.887943	0.155793	0.686234	0.433437	
0.942646	0.834252	0.827344	0.034686	0.437769	0.751213	0.047111	0.404931	0.705514	0.814190	0.409137	0.925201	0.912332	0.987700	0.869240	0.811200
