43.198054	4.441463	55.066149	66.640204	2.065904	44.283525	56.640256	1.737905	64.176692	61.531101	53.250282	41.885326	27.608602	25.231023	78.064217	14.363756	
15.522701	67.470837	72.391341	37.726124	30.111550	53.745863	65.358770	26.628034	59.151685	30.234010	48.073288	39.526680	55.682282	28.503085	34.678703	40.469406	
3.219749	65.445797	15.412731	69.743446	56.119470	56.367471	45.631711	23.790155	39.318844	64.629845	78.556195	59.937599	78.976833	75.134058	46.430460	28.896548	
64.998659	6.702431	22.283103	46.025961	0.623499	52.871049	43.299968	59.348036	64.297243	29.973412	22.490536	63.600612	10.087271	58.136793	51.008386	27.178134	
14.232387	17.786445	36.133504	25.349112	65.614628	53.716928	53.150557	9.686283	35.416398	66.806494	36.213713	59.109214	44.579660	31.569500	15.942698	37.621259	
75.264838	62.476277	27.591943	58.967200	30.375476	64.407784	68.459300	4.820119	38.683455	1.810724	52.202702	58.995437	70.098529	41.380272	40.415507	29.495711	
59.349521	12.060742	35.510057	30.570249	16.752297	64.560436	47.309676	17.682605	15.849776	57.531028	2.125322	66.535715	29.916702	11.397870	3.843711	50.594043	
54.090989	8.875773	0.647754	39.071090	12.631823	61.599751	37.059453	15.912412	36.104707	38.437183	10.826100	38.181598	78.695789	65.648431	26.221966	24.425355	
10.015069	11.567417	30.436854	78.859486	9.877703	44.312307	5.757372	25.116688	66.163209	73.646303	27.554846	24.938952	13.315360	32.951450	4.671351	46.792479	
67.842654	56.196604	41.115884	60.679842	59.667816	24.141862	22.415989	38.880838	61.562472	51.080323	67.332802	72.351145	13.535691	70.944702	70.163282	78.839837	
68.500392	70.172386	68.094872	32.544599	18.212701	43.247088	65.065417	49.676636	41.479663	33.235354	58.965986	78.499345	76.791227	31.668329	35.332308	50.395271	
57.020152	77.416151	34.686091	55.299970	29.779790	20.787564	64.968141	69.176051	34.160339	34.430982	42.849066	44.468874	10.609744	1.258865	9.983415	14.631756	
42.719537	76.822606	17.596099	71.862297	25.146148	61.264868	76.778782	50.016410	26.996317	3.524879	4.148440	38.278880	25.863221	62.141280	47.391037	51.559723	
9.637413	78.144708	70.710446	51.410920	71.198619	69.360962	20.443309	32.876885	76.734380	77.635141	25.316112	25.603454	61.626494	73.752268	76.107438	27.528944	
59.574884	63.742409	69.043912	19.620217	20.545898	52.144777	57.330451	61.453734	24.673038	43.372416	26.259644	0.495059	73.591350	76.035976	11.658576	62.943971	
44.174890	34.499539	21.431024	7.770625	51.929148	5.049020	60.970548	77.858882	29.987444	27.382947	48.085244	47.498351	36.356986	46.051924	9.418699	0.100280
