54.781058	42.528667	53.041450	51.421464	1.447206	37.370582	46.420640	7.231104	39.743362	31.245002	78.896700	24.994173	61.277472	20.455824	66.181963	22.532209	50.482451	13.434327	44.739972	57.773880	14.676935	33.959393	17.548092	77.132708	30.072080	73.020207	35.604746	4.355265	62.943795	27.385600	47.487200	71.509601	
46.779946	27.489743	62.702732	63.441693	10.060146	47.313806	42.419419	73.394249	68.373638	30.313214	18.117923	30.881965	69.223700	19.220644	30.246807	32.477456	53.833293	56.144008	46.913095	31.965097	55.424809	54.794650	60.718137	5.480740	74.972406	50.885846	51.588650	20.273624	32.413626	79.073889	64.323218	1.306337	
21.707428	7.234077	56.987724	78.285259	16.837482	71.384996	76.208485	33.641928	10.331246	59.620387	66.391509	52.319739	70.752855	22.491740	41.031496	17.915210	37.904332	8.177978	51.659015	26.355383	29.927751	60.983362	6.712263	70.642613	41.846746	21.821884	10.886744	10.150193	9.940014	70.867721	7.405856	20.489498	
39.483819	66.880355	55.348433	73.845261	77.651138	41.237362	42.466655	78.847807	31.431446	66.023594	20.182540	36.307611	39.048439	42.063373	74.532948	24.188661	21.362716	18.894624	1.095171	55.348528	30.417531	77.368949	38.588677	13.118030	49.264162	5.877359	65.445229	62.088416	64.451821	2.395933	47.216204	5.754838	
27.834426	74.515914	64.197131	54.362379	74.576376	69.158361	75.026324	42.304377	11.603269	22.220701	67.048612	19.941283	27.138622	73.233725	37.534171	18.993966	39.771173	36.269803	17.864709	19.834084	59.970441	32.873949	32.431216	9.688677	29.725214	15.406744	28.013492	2.523548	18.679218	61.133521	40.008025	48.387631	
55.880670	62.681721	34.162600	25.332668	2.619479	65.183135	17.237536	1.182081	31.250764	33.581744	59.768557	3.301138	47.589960	76.919004	32.783789	47.243716	31.357696	59.438940	15.530363	11.683620	39.424153	16.429985	29.480428	44.164449	37.385624	4.506187	51.187359	23.176243	14.058355	77.419040	45.820062	12.333662	
40.171759	56.336327	52.529702	32.052617	79.003407	24.657440	37.246420	19.822993	63.220886	69.109210	33.734462	30.946192	68.649931	4.111273	40.460050	12.169706	9.003101	18.213270	76.332697	43.981966	13.684092	18.328170	17.633919	78.410389	50.017841	30.709633	30.388222	6.487888	64.493681	49.368860	29.870152	46.738499	
47.593079	40.472075	58.356137	33.055948	14.170103	23.378556	61.071350	77.577694	31.925018	5.223510	73.144037	29.426570	3.725855	0.100025	67.841312	57.843998	25.612308	78.929182	49.003968	37.865504	50.704045	50.110919	12.534076	69.545279	13.785783	30.307712	30.879921	77.234143	30.414287	29.663713	76.997969	39.614962	
36.076802	14.490587	52.247128	51.954446	52.148772	65.169138	18.416676	11.004519	12.837586	0.824510	1.995287	54.304720	37.745753	25.656494	72.498413	57.168212	67.407175	9.557292	22.601909	65.228126	78.776346	4.263674	14.561041	66.502428	74.576233	61.437034	2.439768	77.178833	66.491951	41.524059	73.017698	45.272461	
35.822643	48.358218	54.115566	25.851714	52.654934	63.291549	71.445455	67.262335	57.516536	32.243379	12.174918	66.352768	10.693373	70.784357	33.504144	73.194357	21.407951	26.754903	56.878424	64.407375	4.616141	28.846037	61.947400	25.037691	46.245131	16.779945	33.451402	76.692798	73.829272	0.177326	56.318721	65.594497	
62.037569	42.329708	49.043712	34.518328	78.744893	58.873189	72.277701	58.065091	41.125538	25.146539	25.639185	34.761673	33.266050	74.136080	23.951093	63.788979	55.249939	77.377535	63.012468	37.408902	74.063722	60.890244	79.078711	71.706402	15.085360	64.678615	18.863339	54.062618	10.010149	18.372771	1.257826	76.307953	
48.364891	72.301404	14.264995	53.055366	6.248956	20.214288	24.059868	13.688635	62.722328	10.465198	51.400189	58.585111	31.295420	5.177574	42.865209	8.627193	16.988188	35.639862	79.013060	17.235518	72.420536	11.105538	19.835553	32.490275	42.706946	1.229279	65.666195	21.015855	71.337021	28.932947	75.550149	7.547286	
44.262079	18.715408	61.638429	3.846210	8.292270	5.248710	53.705841	35.566054	62.780756	77.753313	75.410930	69.442578	15.272522	75.641281	34.010535	37.954551	56.392280	45.915136	9.434725	61.417031	4.541575	51.871494	35.302745	52.181704	67.565886	72.026165	23.842669	67.569321	36.823931	16.736156	58.358997	64.634491	
27.333887	36.887570	58.713897	62.844057	54.707836	20.329427	70.396194	8.264515	72.305806	15.156402	4.816797	66.070873	40.956866	17.210862	2.532329	7.763410	2.442352	35.321163	54.647381	42.323154	55.450524	54.340565	24.145015	59.916443	57.399245	34.167292	27.989729	65.037590	47.815107	2.057426	27.653714	44.885347	
3.580366	64.841248	24.352047	21.534606	32.530195	19.251040	49.864958	29.158097	13.978016	62.772023	3.999762	72.560991	19.334604	78.414787	33.886397	78.912159	59.475522	44.485449	3.114607	29.087832	26.821077	36.175302	35.820060	1.676802	77.184718	75.927080	14.951268	57.839057	37.367930	17.304845	73.641988	47.571353	
17.929797	19.948004	46.205835	10.033025	14.678330	77.553929	15.832730	53.155972	54.283526	64.557150	18.527716	8.466489	32.650112	26.386942	10.182043	70.312047	75.515609	57.884587	74.212939	51.112796	61.271430	15.753420	13.215678	25.488642	56.604029	1.729329	50.093764	29.899340	68.685588	78.763711	69.336957	46.864518	
7.143239	67.203239	39.984201	6.443830	36.772694	26.409699	9.789236	64.284569	32.772718	68.753264	64.379710	30.753619	78.698343	70.736394	7.237651	78.900305	57.152879	55.407517	25.342354	77.593105	53.728736	51.335607	69.193144	2.353445	74.759719	0.258356	47.280524	36.807111	44.574109	72.606920	44.319947	48.051101	
32.402894	33.995576	13.474415	21.180323	5.151796	46.366960	7.441289	36.055581	41.822019	34.785007	22.410663	76.778472	31.111874	61.481048	68.445592	6.295420	74.712528	56.064876	68.773817	21.360684	33.941911	41.614113	30.384741	8.872515	77.363975	79.025951	2.250571	33.067018	37.037693	71.334922	40.540965	5.788148	
78.872767	37.322015	61.899690	22.315998	10.339591	29.444295	30.815991	50.330471	55.755548	43.365940	41.585112	32.830856	79.011475	72.084846	67.589712	19.138808	17.502390	70.509515	47.019133	59.148422	66.920139	65.318922	59.689099	75.073726	52.802251	30.751383	20.848347	74.009253	59.058912	46.068451	31.328972	14.500395	
64.764912	5.119982	29.929947	42.844377	66.696985	76.500177	76.465290	47.447100	0.264234	36.414491	34.910621	50.649103	17.125147	12.758797	65.161239	78.102303	48.255749	57.326084	71.633674	0.255919	22.263496	3.230008	15.553996	56.213435	66.536893	51.652454	49.864216	68.531267	34.303031	9.621302	13.204198	12.110729	
22.198148	72.570453	77.537690	62.710330	0.331882	12.718962	65.655173	13.519690	70.908271	41.057574	76.232968	35.848257	0.657597	32.333190	51.411404	21.405507	44.417661	78.201496	26.443477	17.571717	59.356928	67.274013	11.493545	57.168226	53.297021	41.758125	32.112842	7.696707	38.867322	31.089098	9.109702	70.369734	
68.672136	8.925161	74.741900	30.747879	19.326692	43.644297	39.892041	29.127166	6.347821	13.437822	76.588747	4.486369	67.248970	3.871365	72.483852	34.140510	58.482092	43.327031	2.613531	33.186762	55.891909	57.809677	73.790862	23.083812	29.674534	61.868254	7.187343	64.473369	44.659494	51.333011	64.168269	29.528904	
34.709041	1.329026	38.391431	45.936084	67.722751	34.303917	65.768467	37.621744	69.302016	26.954416	74.585580	19.741087	68.465364	70.238156	38.326578	29.779507	72.403613	55.581687	2.891434	57.232606	56.770780	20.730930	55.405099	48.783741	73.570228	55.000222	24.289258	4.420585	50.073632	5.352384	22.163888	0.100002	
3.306749	34.538794	15.890839	32.423056	46.077722	36.050879	32.488540	52.262476	56.619444	48.324154	69.372275	62.861407	38.247146	59.409492	69.745544	19.263005	11.558180	43.581982	49.750991	55.112709	52.858294	28.639756	38.802119	47.918415	27.576636	31.809669	52.245073	14.165196	46.676007	52.690760	17.835481	67.338841	
0.178154	41.087714	10.731199	53.213296	51.293624	0.114806	3.135976	79.080790	65.847937	70.585185	35.360920	16.150009	24.387629	42.665425	19.507801	20.233830	48.996218	36.595877	28.724996	14.913766	59.129829	29.431526	69.380579	40.107387	58.261375	60.804475	17.200786	19.059731	63.542724	35.278787	55.644606	58.194066	
11.696028	77.126696	71.141396	66.989084	15.702080	15.379677	16.185167	78.893627	37.715876	35.781899	74.816905	30.065169	56.492546	78.466156	34.220240	7.281296	29.749019	23.629851	64.383072	64.410720	36.738491	9.284230	10.148869	63.946900	10.275060	75.884424	26.826362	37.290041	30.994906	59.221890	14.461437	23.232853	
16.501658	47.889085	69.721871	20.946863	1.865268	2.323696	0.185617	40.241903	38.053225	65.932155	48.927290	34.012238	63.532312	66.303469	72.164258	27.002288	18.628706	25.485006	62.091742	64.515984	44.807771	63.874831	66.484868	57.796860	57.474320	8.168290	35.921931	10.668954	72.807944	44.123312	2.056971	58.922952	
53.271726	3.745816	18.037965	46.437165	78.100017	33.850212	51.150890	24.450840	27.538703	41.705046	26.986585	23.192967	36.230028	28.397558	44.402791	23.172157	17.784658	69.888349	11.950667	43.831853	39.587350	40.237687	74.799973	77.180296	24.317738	30.502691	77.789572	75.373626	36.325592	12.229498	8.242859	28.352089	
36.870703	52.340732	55.420527	76.606559	5.070876	63.510141	28.243973	30.725910	1.934183	69.823831	46.887622	54.066501	72.439098	42.900901	64.950493	4.234821	79.035089	0.100005	13.866359	38.246336	6.898355	0.584132	64.796366	59.224441	3.750726	33.373855	68.238228	14.057702	15.448230	65.148716	22.055040	34.543011	
72.986620	58.861453	29.859001	34.799292	42.310884	7.653122	59.528075	78.830704	25.562725	51.072156	64.140540	34.025360	2.639923	61.952562	73.610688	17.649025	14.634794	11.953860	21.283151	48.546868	19.160306	49.611208	10.151103	78.328321	28.397271	76.884002	24.210884	67.222643	66.740633	0.120424	21.250442	53.838920	
53.313383	4.723598	70.388491	48.738991	75.263075	0.445703	23.911497	55.062839	68.920082	8.218561	77.102635	54.424958	0.845388	29.568777	21.266489	16.401419	51.210611	7.138458	21.675498	2.737827	4.967335	42.903663	53.106081	10.150912	17.596292	16.866645	68.167308	57.453503	6.232036	45.447014	4.807260	50.382782	
30.527794	77.520727	53.868749	31.822673	34.056517	30.954455	72.946616	13.710242	48.068920	73.730835	34.673828	0.143512	39.776183	50.628692	28.414552	66.753387	46.706167	30.185866	26.935189	60.042817	43.527411	52.081369	74.266386	76.311055	34.955130	21.446255	78.403178	19.333874	77.176301	15.999080	47.444787	51.221318
