0.296080	0.296086	0.292898	0.953836	0.551222	0.828868	0.928546	0.397816	0.259723	0.826695	0.097563	0.868261	0.364510	0.181226	0.981225	0.495541	
0.514360	0.767461	0.081261	0.559997	0.639321	0.327619	0.700903	0.291714	0.477607	0.063098	0.926612	0.426302	0.849244	0.370216	0.853931	0.897293	
0.974421	0.023273	0.629031	0.951086	0.783941	0.795114	0.609878	0.501322	0.716133	0.108112	0.965291	0.406436	0.946022	0.751246	0.546823	0.510426	
0.056539	0.940953	0.634344	0.339239	0.412013	0.322784	0.929997	0.752442	0.617584	0.345841	0.234511	0.786198	0.947974	0.814312	0.605743	0.881687	
0.682109	0.964060	0.002826	0.073680	0.701403	0.519627	0.733842	0.419734	0.674507	0.453904	0.881124	0.164068	0.228322	0.832074	0.565337	0.595848	
0.692165	0.230345	0.399502	0.110976	0.061628	0.485939	0.519612	0.829373	0.142952	0.799956	0.440535	0.537350	0.524796	0.886937	0.425288	0.302299	
0.012966	0.300902	0.389158	0.906302	0.740144	0.924870	0.794549	0.767072	0.641109	0.672074	0.130937	0.713841	0.166977	0.115608	0.603015	0.442750	
0.399488	0.211230	0.743010	0.371371	0.066710	0.359038	0.806726	0.588406	0.863372	0.751770	0.478806	0.630297	0.652831	0.189891	0.444637	0.340386	
0.052871	0.393722	0.747565	0.564747	0.446418	0.278693	0.121171	0.428653	0.125335	0.655186	0.710425	0.045520	0.218629	0.708897	0.665851	0.624279	
0.813598	0.241843	0.414542	0.714172	0.320306	0.493797	0.907597	0.746116	0.283339	0.133605	0.446593	0.312671	0.350447	0.950020	0.212961	0.126318	
0.526026	0.565451	0.617815	0.693769	0.123966	0.845314	0.173687	0.942133	0.597518	0.681596	0.716365	0.032326	0.198324	0.831549	0.413846	0.712700	
0.041825	0.865702	0.314403	0.231360	0.814564	0.679781	0.289569	0.766676	0.363100	0.383366	0.723577	0.774783	0.259667	0.941375	0.273874	0.965233	
0.340252	0.630234	0.801036	0.643322	0.710636	0.717135	0.420595	0.217189	0.416559	0.000824	0.849636	0.980337	0.212446	0.562235	0.677320	0.322675	
0.542788	0.332038	0.338180	0.084608	0.928939	0.224178	0.785153	0.446882	0.112765	0.008148	0.179279	0.056259	0.887906	0.391935	0.680387	0.729181	
0.453568	0.654430	0.138591	0.032840	0.351184	0.113568	0.860995	0.143738	0.344124	0.155550	0.626929	0.264352	0.702772	0.230979	0.982872	0.007597	
0.272527	0.896516	0.075961	0.632727	0.208237	0.966281	0.364335	0.901956	0.040784	0.839241	0.102991	0.202150	0.113362	0.419146	0.112855	0.419067
