0.481936	0.760503	0.000500	0.237332	0.167292	0.349626	0.326760	0.499384	0.078362	0.536049	0.337430	0.297132	0.737224	0.124167	0.562109	0.698709	
0.873901	0.609690	0.794318	0.659322	0.336831	0.921437	0.218057	0.487828	0.406341	0.568527	0.519990	0.791073	0.528913	0.277421	0.807558	0.899043	
0.638502	0.076992	0.391623	0.898363	0.529986	0.379989	0.178113	0.851036	0.326740	0.670794	0.137302	0.356136	0.614423	0.728661	0.565065	0.236137	
0.273007	0.740661	0.619664	0.864410	0.889775	0.791696	0.918526	0.003600	0.460268	0.777297	0.715980	0.307967	0.958011	0.254030	0.366651	0.690597	
0.089501	0.256800	0.440686	0.145219	0.000277	0.461006	0.411677	0.347650	0.514114	0.186866	0.836125	0.861101	0.695437	0.105941	0.160466	0.625992	
0.635896	0.887826	0.714569	0.582729	0.669717	0.531147	0.448688	0.146320	0.156208	0.552210	0.108413	0.357841	0.182314	0.770995	0.090562	0.869327	
0.545804	0.530148	0.110407	0.767563	0.439099	0.821676	0.740143	0.318825	0.820814	0.701743	0.915745	0.000211	0.014494	0.662038	0.554495	0.809075	
0.716736	0.296172	0.073774	0.478845	0.459605	0.569747	0.557092	0.257034	0.581328	0.455648	0.718688	0.234637	0.672402	0.388620	0.770136	0.955712	
0.903271	0.639537	0.810487	0.444776	0.320329	0.061495	0.174078	0.907851	0.013429	0.443265	0.167636	0.750303	0.868907	0.272085	0.430108	0.950263	
0.031822	0.102406	0.173369	0.222341	0.750277	0.442990	0.446981	0.302598	0.329466	0.423219	0.166641	0.898236	0.169936	0.881309	0.072406	0.648406	
0.200211	0.001166	0.301692	0.408422	0.889955	0.229838	0.249170	0.034038	0.831818	0.744799	0.614790	0.359747	0.151831	0.858915	0.400804	0.969347	
0.020769	0.465229	0.595805	0.190265	0.385765	0.075850	0.524227	0.987113	0.853749	0.107790	0.529843	0.896463	0.675092	0.538438	0.480187	0.974992	
0.478135	0.042124	0.904210	0.201165	0.430089	0.943898	0.485930	0.597099	0.886078	0.543375	0.841223	0.496588	0.168908	0.491428	0.210900	0.482496	
0.602231	0.539801	0.591292	0.443763	0.747868	0.442583	0.053948	0.871785	0.030284	0.401188	0.298787	0.344855	0.642706	0.000039	0.012650	0.764719	
0.980696	0.889164	0.840622	0.921454	0.307870	0.840872	0.560556	0.534453	0.586609	0.417554	0.714562	0.060877	0.947119	0.422001	0.255777	0.330017	
0.252398	0.174905	0.089471	0.524332	0.425546	0.677252	0.021269	0.493410	0.095965	0.070417	0.054066	0.260732	0.401704	0.543108	0.100549	0.182466
