0.181595	0.788703	0.586096	0.000040	0.180881	0.677760	0.452548	0.695503	0.627425	0.487122	0.288646	0.391172	0.576978	0.569300	0.894347	0.623599	0.623523	0.254975	0.485565	0.757026	0.334714	0.718150	0.387282	0.445544	0.680195	0.343852	0.144892	0.754172	0.583218	0.916217	0.825028	0.736538	
0.007495	0.301080	0.596543	0.315525	0.620517	0.364455	0.490528	0.690389	0.485378	0.655393	0.090209	0.437565	0.493751	0.440428	0.477556	0.884381	0.512131	0.975447	0.506783	0.411782	0.283314	0.000005	0.781092	0.310946	0.609450	0.925781	0.550762	0.617013	0.903470	0.690909	0.837263	0.453245	
0.825787	0.731986	0.183004	0.734845	0.311464	0.621906	0.609782	0.000035	0.180590	0.981427	0.881828	0.962400	0.447684	0.140099	0.695940	0.135034	0.735659	0.373082	0.619717	0.230910	0.484148	0.815249	0.000730	0.517139	0.723061	0.443627	0.573097	0.754017	0.154055	0.639577	0.612279	0.205570	
0.128334	0.726846	0.106484	0.437596	0.522474	0.071447	0.755994	0.604067	0.349782	0.459042	0.521505	0.759943	0.768796	0.644374	0.515102	0.595435	0.781080	0.936715	0.028518	0.284549	0.806013	0.654475	0.441569	0.971711	0.868753	0.384179	0.462039	0.278022	0.756153	0.189785	0.776103	0.066478	
0.478335	0.526998	0.724931	0.801801	0.712815	0.832912	0.784610	0.669998	0.389538	0.634747	0.711580	0.292268	0.490702	0.382726	0.219573	0.792358	0.364373	0.174136	0.973670	0.378827	0.108212	0.491411	0.357097	0.945961	0.514617	0.429917	0.924594	0.109309	0.735894	0.128782	0.440587	0.266551	
0.674647	0.874542	0.818783	0.036678	0.774271	0.430493	0.786731	0.411676	0.477273	0.708124	0.736680	0.378736	0.408148	0.574481	0.795822	0.688458	0.973358	0.954804	0.888850	0.346076	0.877881	0.369349	0.982515	0.710916	0.261431	0.514982	0.496966	0.610069	0.324644	0.680162	0.457672	0.547747	
0.521368	0.672571	0.411323	0.823752	0.596933	0.553436	0.503733	0.566583	0.031085	0.540363	0.522679	0.258947	0.873062	0.555483	0.988451	0.330642	0.362427	0.921059	0.895557	0.952312	0.611917	0.157293	0.575609	0.828790	0.702310	0.410661	0.469112	0.645800	0.343303	0.397335	0.860326	0.714050	
0.801585	0.371706	0.802073	0.597224	0.549034	0.340093	0.716512	0.493675	0.624256	0.791951	0.845607	0.286582	0.458177	0.428207	0.411918	0.597916	0.885278	0.688918	0.364133	0.817005	0.718914	0.528970	0.736867	0.354556	0.600725	0.553396	0.369949	0.390888	0.921716	0.420976	0.848398	0.609327	
0.872663	0.522225	0.684197	0.404992	0.356159	0.196051	0.924667	0.814559	0.388043	0.865763	0.600431	0.937376	0.154518	0.450810	0.658417	0.653642	0.785134	0.724608	0.330811	0.354302	0.894858	0.451498	0.662778	0.349958	0.556714	0.203220	0.473979	0.243144	0.553349	0.690148	0.269277	0.573950	
0.489442	0.449310	0.984781	0.735213	0.811674	0.514669	0.587514	0.337728	0.359789	0.488436	0.286577	0.154596	0.850449	0.477082	0.140010	0.181715	0.853703	0.522369	0.671311	0.857322	0.628629	0.649846	0.646015	0.583331	0.508348	0.667335	0.674311	0.904725	0.546810	0.144846	0.664020	0.299252	
0.589389	0.689844	0.591810	0.616679	0.664102	0.371121	0.249080	0.325589	0.901670	0.187936	0.269807	0.286228	0.460261	0.774220	0.811112	0.331239	0.248493	0.580102	0.888359	0.363338	0.894092	0.069858	0.525921	0.408994	0.130638	0.267236	0.465886	0.984384	0.530849	0.217407	0.511521	0.358763	
0.784419	0.497305	0.970378	0.727523	0.141102	0.117276	0.269726	0.584862	0.429545	0.340158	0.283215	0.466417	0.649748	0.552932	0.873891	0.290866	0.606585	0.532385	0.650693	0.911866	0.886925	0.244874	0.492917	0.374671	0.373604	0.330795	0.222220	0.833314	0.696810	0.570908	0.622237	0.825591	
0.596338	0.768160	0.651361	0.708974	0.307933	0.000104	0.967164	0.384772	0.282243	0.536923	0.841836	0.541082	0.373388	0.531647	0.524014	0.339710	0.275348	0.188544	0.900048	0.668054	0.480056	0.227248	0.717175	0.371790	0.539354	0.111674	0.588655	0.568084	0.452724	0.607958	0.488012	0.785549	
0.340408	0.768312	0.489476	0.181097	0.788515	0.553486	0.479384	0.954843	0.519364	0.592488	0.410251	0.545884	0.607742	0.439131	0.620908	0.034371	0.401420	0.600663	0.832568	0.045280	0.768756	0.395355	0.223401	0.405814	0.266432	0.610093	0.049068	0.576045	0.509503	0.573210	0.720043	0.678186	
0.083041	0.357453	0.762652	0.857947	0.708096	0.792013	0.311150	0.481775	0.768857	0.743494	0.811141	0.394854	0.779095	0.544636	0.889815	0.737925	0.900912	0.054911	0.347133	0.329060	0.482501	0.703396	0.464395	0.431186	0.127933	0.568920	0.462165	0.617320	0.222411	0.510014	0.327912	0.588315	
0.391368	0.607890	0.773366	0.727570	0.168316	0.254465	0.739426	0.314593	0.676016	0.437567	0.884073	0.463756	0.601224	0.127987	0.295583	0.463617	0.353506	0.952774	0.453951	0.275375	0.920899	0.167245	0.773765	0.530763	0.731063	0.571157	0.746747	0.885951	0.308928	0.637064	0.539899	0.699359	
0.640702	0.596994	0.001091	0.420500	0.540062	0.266496	0.818922	0.672391	0.269959	0.774925	0.635539	0.396771	0.475860	0.655953	0.579684	0.644800	0.430284	0.731685	0.755927	0.926615	0.413626	0.370512	0.374737	0.000514	0.980552	0.380443	0.329592	0.034118	0.587738	0.588757	0.954386	0.536559	
0.961184	0.475417	0.020231	0.614678	0.152433	0.601986	0.456631	0.275741	0.318402	0.205858	0.956934	0.411702	0.401026	0.274089	0.600269	0.431460	0.694736	0.263141	0.663141	0.979067	0.382234	0.460975	0.845011	0.647118	0.652278	0.551752	0.475025	0.388904	0.275433	0.515301	0.774372	0.355903	
0.673697	0.424381	0.681907	0.275097	0.647647	0.252220	0.211798	0.148803	0.125277	0.311467	0.904787	0.742014	0.889557	0.550859	0.430928	0.591809	0.457745	0.347086	0.871138	0.445354	0.206985	0.678292	0.407066	0.167409	0.253817	0.844250	0.794419	0.782715	0.061995	0.344118	0.960302	0.036420	
0.016611	0.919104	0.540483	0.959650	0.377290	0.201109	0.760378	0.269503	0.202257	0.277538	0.966024	0.273174	0.297249	0.029526	0.836391	0.356143	0.639725	0.254585	0.500762	0.228923	0.577445	0.596931	0.650218	0.380623	0.988507	0.384084	0.177382	0.410037	0.459928	0.899206	0.361306	0.333499	
0.561746	0.609742	0.662194	0.878637	0.044295	0.741381	0.941586	0.712624	0.439110	0.387198	0.645848	0.423348	0.516737	0.626651	0.486769	0.193872	0.362690	0.734589	0.935306	0.641771	0.415632	0.819696	0.899474	0.309268	0.589692	0.690520	0.985754	0.416505	0.621862	0.155387	0.700066	0.985044	
0.570170	0.719121	0.321696	0.729548	0.165376	0.496117	0.573711	0.611089	0.282212	0.438335	0.534000	0.786328	0.101848	0.331056	0.702496	0.316687	0.457264	0.360842	0.822576	0.292552	0.659662	0.366645	0.932744	0.782294	0.763141	0.749392	0.685156	0.588842	0.040772	0.460275	0.422965	0.754479	
0.595849	0.881233	0.636647	0.085972	0.687386	0.523844	0.042230	0.516787	0.093000	0.771947	0.442284	0.386633	0.138343	0.663175	0.524971	0.344093	0.785511	0.493157	0.365351	0.189682	0.042521	0.496319	0.289254	0.791772	0.230371	0.487360	0.409474	0.241062	0.716968	0.395081	0.483011	0.419619	
0.534697	0.426199	0.634709	0.668625	0.346297	0.742576	0.158265	0.476723	0.072667	0.481621	0.460432	0.853600	0.426878	0.588025	0.755311	0.821515	0.439763	0.068010	0.483643	0.099324	0.160310	0.522734	0.637246	0.433598	0.572710	0.299293	0.519109	0.662908	0.364730	0.751434	0.705196	0.777295	
0.597797	0.532886	0.383631	0.718684	0.730374	0.734970	0.350961	0.986469	0.354323	0.860033	0.324037	0.591312	0.689786	0.216555	0.495943	0.738633	0.486681	0.665067	0.701622	0.363947	0.013709	0.645425	0.619569	0.650390	0.703557	0.185470	0.213501	0.044372	0.662241	0.815437	0.015837	0.926169	
0.676146	0.501089	0.392888	0.445586	0.741823	0.507321	0.595265	0.233620	0.599550	0.464347	0.651090	0.623137	0.939741	0.281015	0.230505	0.180015	0.697761	0.939665	0.211380	0.732769	0.605557	0.824832	0.534754	0.467181	0.615212	0.476392	0.539916	0.402813	0.588941	0.749041	0.239594	0.464252	
0.406343	0.231150	0.857671	0.555423	0.693755	0.617983	0.793773	0.595197	0.641914	0.815562	0.523472	0.711840	0.341742	0.231563	0.601098	0.661518	0.724343	0.563325	0.532675	0.730943	0.588072	0.295002	0.249511	0.574812	0.763685	0.276737	0.753955	0.133145	0.766279	0.977951	0.988144	0.569475	
0.918302	0.335214	0.531313	0.348295	0.814718	0.571191	0.387620	0.689085	0.494617	0.813931	0.766811	0.551994	0.969393	0.779239	0.382473	0.807807	0.882610	0.283274	0.299841	0.403212	0.649876	0.237238	0.572340	0.934809	0.464202	0.767668	0.639639	0.461520	0.383618	0.466316	0.730505	0.019454	
0.543112	0.955591	0.002130	0.658091	0.668104	0.701230	0.607409	0.188347	0.676443	0.225583	0.801076	0.508228	0.502544	0.261116	0.391564	0.610071	0.627459	0.445894	0.005468	0.614261	0.807103	0.274048	0.547548	0.439421	0.487543	0.444224	0.632601	0.185134	0.798692	0.675054	0.606317	0.071259	
0.463546	0.286434	0.068109	0.259597	0.638518	0.562690	0.529222	0.744496	0.367760	0.907780	0.314910	0.222614	0.620074	0.233194	0.703502	0.745271	0.631468	0.902217	0.128471	0.951007	0.381601	0.529782	0.835154	0.397829	0.438360	0.473868	0.347401	0.137779	0.549973	0.645216	0.335045	0.249177	
0.658566	0.310114	0.568263	0.421041	0.530905	0.310801	0.734406	0.645992	0.722812	0.096676	0.127686	0.940141	0.521187	0.000365	0.663879	0.195044	0.366411	0.308827	0.613727	0.526367	0.371203	0.318706	0.564240	0.598153	0.980144	0.847315	0.794668	0.481426	0.602451	0.504564	0.784122	0.610363	
0.882876	0.212405	0.832058	0.352708	0.828398	0.459535	0.728380	0.509846	0.688464	0.383124	0.950714	0.179915	0.874819	0.116379	0.769160	0.437512	0.288116	0.065625	0.708207	0.407993	0.873514	0.212099	0.614132	0.027544	0.440920	0.416943	0.437590	0.151084	0.583990	0.232595	0.743511	0.712060
