79.036424	11.679444	22.742549	44.280385	70.028177	29.062010	53.653407	52.526734	16.864386	35.277823	22.664702	21.378105	31.729692	41.214076	64.178103	24.619663	
32.203487	55.986975	37.516868	68.475802	33.475061	76.784072	23.745199	62.697861	32.507223	73.191681	25.988888	26.457102	65.685752	56.216823	60.778015	0.334976	
51.695992	41.463745	18.333996	78.145621	59.750148	61.019826	74.220818	0.202397	0.787046	43.532074	3.553561	1.050825	28.203959	42.908476	69.016334	74.966471	
66.742791	56.935179	21.444713	69.380920	57.257214	45.875362	17.243433	13.410607	17.186355	37.922104	13.770207	34.995573	8.670650	73.999133	78.275173	47.917398	
46.465134	55.834641	26.325295	63.411115	78.867397	68.375151	42.756893	58.032876	15.766203	23.477064	12.741200	24.147320	23.811433	57.025838	24.262983	73.964283	
29.509748	76.842303	7.238166	40.420712	46.117602	37.546944	2.877158	37.934831	60.686150	34.875285	18.004090	12.875994	18.458009	73.823898	51.630645	76.054647	
76.788313	55.396226	29.576723	54.817673	64.083260	63.215528	44.106857	3.942708	46.455479	14.792256	57.553575	68.367808	70.181581	39.769110	24.059377	4.220763	
44.041316	15.934836	61.844787	27.835426	71.466120	47.370623	72.188287	1.222757	33.660651	15.211704	35.972009	13.741121	24.088931	48.992994	4.374892	18.314513	
12.333192	10.631116	27.757032	52.642690	23.232453	53.005349	12.642631	70.380853	52.471815	76.375046	69.170221	38.300005	59.350063	17.005343	66.964602	50.869504	
10.242068	73.022831	13.802399	8.544002	38.522977	35.114096	18.003333	39.361862	0.108863	40.574661	73.147063	27.598869	32.014088	49.905889	16.737959	40.696726	
51.533327	17.594515	30.111225	33.206887	16.738897	76.423933	33.998763	12.408019	53.509492	31.460747	51.686616	42.476978	22.028484	61.134384	64.216649	23.630718	
66.747930	34.794927	65.100481	78.230353	41.041873	11.012042	55.433687	7.794271	32.061686	52.790740	15.293945	28.191911	76.023505	34.066400	46.235665	44.819469	
46.273110	25.220792	64.432929	70.507866	58.261157	12.932901	54.857698	29.305618	61.281589	22.589541	3.700180	66.646918	27.859744	31.973324	8.349420	33.683505	
69.491017	13.111701	28.650798	64.352797	47.203977	65.816166	37.272393	37.043891	73.406306	68.290984	73.522328	61.031756	0.673208	56.975717	9.239518	31.306334	
15.248748	56.451425	11.841678	56.088706	33.897162	22.631365	38.340596	78.414799	8.011986	66.526095	71.278573	64.621613	78.949432	35.342822	38.448406	54.200221	
42.962236	35.783714	0.190562	5.391512	7.579355	29.714524	22.516291	78.930029	1.361276	13.120362	67.667524	68.694771	17.542758	45.079902	76.854224	70.095860
