69.665135	61.376879	38.891575	59.757668	39.029029	13.526946	0.568412	31.382178	75.176045	32.854016	27.961073	31.815983	50.127906	35.118861	61.187592	21.861137	
22.268160	59.424360	49.025969	75.330510	60.387743	66.007536	78.495073	45.210071	66.390797	66.592131	24.297381	46.663675	33.963479	13.640216	75.993458	2.405559	
73.750675	43.173451	2.620237	72.964441	36.231128	38.817625	29.946241	37.225506	14.678129	50.282903	50.393547	62.311682	26.804307	29.772488	51.468100	13.951802	
35.909456	29.929905	0.736193	52.526888	7.502775	78.777568	12.393963	61.979575	67.059869	35.174148	72.348103	61.273893	29.979715	72.513792	14.620288	58.846491	
33.687152	46.320461	0.837830	6.463836	61.331250	70.085420	26.221919	10.572659	34.505519	14.060940	3.607307	67.824397	70.272500	52.914297	48.599966	4.183773	
45.181659	29.641710	25.829843	52.720940	39.429220	60.070526	68.130487	51.272337	18.660031	70.524101	27.363342	3.616463	21.316830	34.133191	14.796954	37.865877	
17.718965	14.849131	18.143132	77.371218	22.454459	30.837124	6.462605	45.326320	27.316885	56.553774	64.395095	76.814850	6.283179	44.724974	22.296736	9.389715	
62.561134	76.657460	53.097612	73.656597	46.192838	35.601653	10.660145	67.062152	57.229553	47.983361	66.181786	78.319428	52.718816	48.059691	34.997541	27.370460	
36.817223	23.603366	2.367510	58.450305	17.155105	76.590819	58.483114	66.602014	35.551438	27.723602	35.544467	55.029277	52.648987	31.663163	1.763549	78.009155	
28.336352	61.710374	4.990514	38.132734	10.001196	31.672412	6.502545	59.272773	10.182441	49.309535	21.096494	70.478053	6.433693	4.713295	52.354354	76.608252	
62.254364	33.949324	29.725534	58.704943	15.753207	13.114698	34.583162	49.865276	45.855435	61.022539	40.544461	35.782190	5.928054	29.614399	33.452074	47.292565	
21.853876	27.590155	56.331740	0.845657	69.553886	60.650455	7.365075	8.077536	16.690724	67.154171	10.056576	7.331812	54.995684	20.244982	57.836806	62.390493	
51.480526	35.204200	47.420561	46.880057	40.071883	30.957345	14.423394	30.095352	15.806828	62.595038	50.532836	74.300471	44.020824	13.188914	45.306480	4.304323	
45.808348	77.558553	48.353647	67.809354	26.083069	22.873903	69.496612	73.166560	1.022492	55.236167	78.949041	4.459135	64.478374	18.946136	77.670683	71.678156	
6.791004	26.743085	17.107189	57.017528	59.228995	42.866758	68.980095	63.732486	9.873668	74.545186	63.312379	23.004452	37.989688	76.013035	70.020167	21.253690	
4.216792	29.933976	27.994452	32.319246	77.765536	36.904712	77.602083	78.432780	5.697217	29.472234	14.512977	5.145902	51.561494	62.272575	64.762938	3.466131
