0.886137	0.751437	0.922338	0.407145	0.876339	0.950884	0.071045	0.075817	0.146308	0.983175	0.799656	0.700977	0.858116	0.107749	0.744286	0.056202	0.101752	0.193735	0.974575	0.094387	0.630575	0.200983	0.863126	0.730919	0.941181	0.303556	0.622009	0.974256	0.833420	0.048660	0.487239	0.984104	
0.486596	0.571214	0.917703	0.503155	0.842518	0.797285	0.518696	0.794018	0.189486	0.009946	0.213457	0.117235	0.986275	0.813627	0.450148	0.783123	0.076317	0.576306	0.224401	0.933647	0.778751	0.893563	0.328166	0.195038	0.642803	0.841004	0.677120	0.771494	0.626424	0.748077	0.647146	0.059598	
0.568800	0.368323	0.419076	0.254474	0.091411	0.274652	0.245397	0.711758	0.737202	0.245682	0.631771	0.886295	0.537737	0.570570	0.087933	0.178989	0.233947	0.877231	0.071866	0.430860	0.451075	0.726913	0.288215	0.176240	0.792891	0.968817	0.643899	0.132322	0.861313	0.085369	0.283665	0.272153	
0.909919	0.766269	0.962300	0.489900	0.102493	0.875182	0.023118	0.001790	0.681150	0.479999	0.007392	0.052709	0.678209	0.941600	0.657644	0.205081	0.409462	0.641565	0.384060	0.859371	0.816914	0.041654	0.457553	0.703008	0.104224	0.427685	0.478962	0.291488	0.226254	0.079558	0.819772	0.759193	
0.658309	0.016962	0.410829	0.865307	0.582361	0.976600	0.492716	0.834851	0.978719	0.280381	0.943713	0.710416	0.348022	0.827492	0.957701	0.817037	0.692678	0.197285	0.250493	0.338240	0.205631	0.433120	0.417830	0.523425	0.652873	0.391760	0.200940	0.653661	0.675840	0.578464	0.169680	0.893823	
0.895217	0.186257	0.514667	0.297996	0.966448	0.001149	0.822845	0.916869	0.048138	0.211487	0.289637	0.805684	0.592349	0.277163	0.522460	0.399654	0.189354	0.260200	0.979527	0.271644	0.503138	0.171424	0.958298	0.321866	0.767829	0.501486	0.340691	0.621202	0.856766	0.917826	0.919926	0.931082	
0.927241	0.024326	0.227536	0.757812	0.510705	0.334921	0.916513	0.527131	0.540533	0.509946	0.833837	0.743096	0.472074	0.045165	0.215035	0.000821	0.227228	0.676936	0.069372	0.037375	0.818322	0.371466	0.038000	0.426777	0.879217	0.351383	0.244811	0.488837	0.556723	0.858777	0.608274	0.249487	
0.191692	0.516307	0.462049	0.758389	0.417040	0.753516	0.038535	0.963890	0.161529	0.947245	0.874287	0.142400	0.429607	0.966852	0.700308	0.986808	0.711598	0.373609	0.723954	0.441061	0.956803	0.370711	0.158696	0.001139	0.178039	0.361291	0.475657	0.984922	0.425025	0.440458	0.088748	0.682222	
0.338720	0.596214	0.413821	0.385594	0.809430	0.567557	0.717528	0.900004	0.572888	0.237698	0.571896	0.371290	0.000001	0.988161	0.331311	0.544377	0.241321	0.508677	0.734366	0.230019	0.390124	0.025434	0.691682	0.963652	0.610684	0.974725	0.685550	0.409240	0.423368	0.361036	0.420180	0.692974	
0.695991	0.847855	0.697521	0.712713	0.706466	0.684825	0.137455	0.483398	0.675865	0.111551	0.766901	0.001962	0.564151	0.796946	0.515944	0.233746	0.972211	0.888869	0.107849	0.830231	0.426406	0.652305	0.738365	0.756580	0.434077	0.374832	0.158008	0.679870	0.332151	0.153177	0.969647	0.567374	
0.043914	0.746450	0.279007	0.141665	0.612866	0.968127	0.081481	0.001988	0.836114	0.154924	0.692092	0.546264	0.662651	0.092548	0.363564	0.437779	0.415287	0.627200	0.423357	0.603947	0.889733	0.728860	0.923500	0.729785	0.780855	0.753223	0.958998	0.969917	0.494942	0.346417	0.723365	0.781134	
0.488928	0.289793	0.797080	0.124375	0.399015	0.689134	0.047757	0.978841	0.916471	0.609362	0.922631	0.710081	0.814535	0.405417	0.882476	0.144482	0.214714	0.552153	0.274664	0.245097	0.338560	0.540008	0.978768	0.058719	0.490789	0.852515	0.117252	0.924940	0.869160	0.030604	0.689246	0.667040	
0.000594	0.619082	0.178985	0.776828	0.647838	0.471101	0.741025	0.521850	0.787782	0.565425	0.953310	0.372727	0.956525	0.265513	0.317547	0.394952	0.882712	0.982774	0.653859	0.359972	0.784302	0.369520	0.629432	0.803613	0.704516	0.379694	0.218524	0.971212	0.031968	0.284577	0.603736	0.535141	
0.888552	0.195776	0.157233	0.033975	0.694446	0.603563	0.098742	0.247697	0.709796	0.239147	0.164833	0.339111	0.640094	0.458363	0.882842	0.678111	0.233652	0.576531	0.383683	0.908115	0.319913	0.268151	0.126612	0.241151	0.476128	0.415269	0.161986	0.171272	0.366637	0.517769	0.529685	0.727540	
0.753903	0.133889	0.138827	0.353392	0.499896	0.128205	0.832582	0.365930	0.180030	0.098254	0.346243	0.366534	0.465890	0.123148	0.207232	0.576386	0.041238	0.052648	0.759326	0.215134	0.043392	0.202199	0.270186	0.012683	0.462779	0.910059	0.537913	0.980949	0.617891	0.976900	0.281093	0.229437	
0.401615	0.269978	0.322873	0.257339	0.850040	0.974537	0.207815	0.875718	0.969600	0.722588	0.004286	0.351599	0.295616	0.579148	0.321871	0.698167	0.361109	0.969674	0.354461	0.576273	0.284912	0.358341	0.623662	0.304807	0.496131	0.035103	0.530183	0.591172	0.573964	0.726901	0.279557	0.417203	
0.951364	0.508231	0.906329	0.326294	0.782127	0.927632	0.469250	0.636879	0.173826	0.144249	0.539793	0.337410	0.602463	0.611996	0.205401	0.720335	0.359185	0.445637	0.449709	0.530330	0.653206	0.873484	0.781415	0.949219	0.408414	0.666145	0.741562	0.351042	0.692658	0.885871	0.638920	0.646059	
0.383338	0.047571	0.522121	0.959667	0.661562	0.463493	0.671214	0.266544	0.161528	0.260619	0.968973	0.709888	0.430070	0.097321	0.566917	0.404399	0.149416	0.428800	0.485666	0.089689	0.550691	0.126210	0.015939	0.699760	0.552238	0.767845	0.859041	0.133167	0.510577	0.257704	0.885390	0.424531	
0.496496	0.951224	0.247438	0.624566	0.969319	0.807680	0.856912	0.000894	0.320046	0.737651	0.014339	0.207541	0.470465	0.494689	0.473042	0.059777	0.619450	0.729044	0.764433	0.754272	0.885464	0.380720	0.262873	0.454537	0.370786	0.467461	0.687806	0.434619	0.665548	0.398043	0.000022	0.239737	
0.675718	0.414418	0.757256	0.583752	0.976292	0.576868	0.753779	0.321100	0.244839	0.798476	0.100065	0.365243	0.478637	0.481575	0.219368	0.634329	0.316691	0.010073	0.688079	0.362653	0.065914	0.927582	0.127592	0.843066	0.636486	0.307353	0.526132	0.541551	0.205449	0.203735	0.677481	0.263782	
0.073355	0.481979	0.128096	0.884114	0.048486	0.131763	0.117504	0.547977	0.223409	0.647525	0.891873	0.770377	0.986352	0.548719	0.819407	0.787500	0.622637	0.112877	0.671073	0.714550	0.924006	0.835202	0.296884	0.481632	0.195263	0.878487	0.058931	0.948053	0.809097	0.703188	0.201942	0.420277	
0.054352	0.568732	0.483574	0.633060	0.129431	0.756629	0.081540	0.174204	0.607910	0.012853	0.745011	0.662376	0.968457	0.874708	0.665480	0.119944	0.200299	0.060777	0.940935	0.058192	0.137785	0.776715	0.687325	0.269921	0.091089	0.267353	0.899009	0.549177	0.751016	0.772688	0.401224	0.188823	
0.176719	0.032795	0.638629	0.552147	0.653477	0.871364	0.619145	0.122375	0.430215	0.932159	0.031627	0.000000	0.872720	0.258097	0.243968	0.165385	0.597034	0.610235	0.796122	0.255440	0.712828	0.622995	0.871509	0.984330	0.602500	0.655835	0.125812	0.590230	0.770786	0.987565	0.008510	0.099701	
0.594340	0.704780	0.984080	0.504289	0.696217	0.162033	0.639007	0.971447	0.062277	0.950690	0.928760	0.466200	0.253427	0.518992	0.694581	0.290655	0.689081	0.435932	0.140661	0.275433	0.584117	0.866748	0.375039	0.188783	0.195698	0.468775	0.130372	0.851880	0.180857	0.428098	0.952673	0.537326	
0.829588	0.725557	0.003943	0.705769	0.424143	0.769691	0.095403	0.216494	0.186714	0.000331	0.549924	0.667515	0.106847	0.844873	0.214399	0.954731	0.607267	0.349124	0.657507	0.720049	0.243150	0.020902	0.132914	0.469134	0.486753	0.341785	0.564686	0.868285	0.262130	0.018188	0.117811	0.414923	
0.987398	0.036765	0.568591	0.032652	0.850690	0.138071	0.919236	0.905313	0.739692	0.115457	0.114801	0.252896	0.011413	0.944880	0.668071	0.195064	0.540591	0.345072	0.886808	0.776170	0.210613	0.932225	0.089026	0.971426	0.354539	0.493487	0.468069	0.357037	0.666556	0.843388	0.924274	0.987332	
0.873752	0.560953	0.463529	0.635529	0.278780	0.775558	0.386701	0.794730	0.647235	0.364372	0.509156	0.017804	0.525744	0.408954	0.772588	0.803663	0.649577	0.143957	0.743901	0.487287	0.000928	0.125719	0.145354	0.324804	0.394422	0.546242	0.421826	0.752912	0.909592	0.763312	0.159752	0.455264	
0.815030	0.985529	0.517318	0.615022	0.469294	0.958756	0.979411	0.175684	0.357851	0.552397	0.102763	0.400379	0.700908	0.984776	0.402949	0.744453	0.266592	0.346584	0.423369	0.084705	0.524710	0.218928	0.440749	0.765874	0.695624	0.208833	0.416555	0.301432	0.589455	0.626175	0.000174	0.181661	
0.413318	0.803237	0.171872	0.425589	0.697392	0.644531	0.299501	0.824771	0.135156	0.803033	0.259275	0.274425	0.099416	0.964780	0.343232	0.842272	0.312231	0.603956	0.431674	0.280044	0.839047	0.932686	0.942844	0.386275	0.256447	0.142484	0.356313	0.647950	0.836166	0.784038	0.533990	0.348866	
0.859441	0.337112	0.437221	0.184321	0.838375	0.981489	0.397551	0.556494	0.297767	0.432601	0.663670	0.196231	0.728678	0.451535	0.317532	0.958364	0.617927	0.001385	0.330667	0.652603	0.717227	0.978114	0.020466	0.060468	0.198030	0.160330	0.567242	0.654740	0.185276	0.547919	0.468909	0.614860	
0.512530	0.330247	0.166204	0.493414	0.773234	0.005347	0.121059	0.597173	0.985127	0.814140	0.900672	0.782477	0.602054	0.648432	0.966309	0.925938	0.852973	0.887582	0.291794	0.316291	0.465104	0.193581	0.124234	0.114641	0.854761	0.723669	0.378268	0.538137	0.112065	0.988246	0.919074	0.320876	
0.519595	0.742416	0.822487	0.826689	0.434104	0.203149	0.324576	0.597351	0.897430	0.569896	0.866490	0.024129	0.668816	0.474822	0.043247	0.988198	0.932490	0.597917	0.434143	0.808920	0.380884	0.612865	0.877640	0.937047	0.520310	0.817563	0.652995	0.317136	0.076300	0.721924	0.909773	0.530188
