0.093633
0.172134
0.236802
0.295799
0.330630
0.363628
0.436456
0.483119
0.556114
0.595944
0.667772
0.734934
0.817428
0.888590
0.937419
1.011247
1.096741
1.169569
1.223899
1.303226
1.362555
1.450049
1.535043
1.595205
1.634535
1.735528
1.810189
1.860519
1.919181
1.971511
2.039006
2.102002
2.220826
2.261157
2.339984
2.381148
2.452143
2.519138
2.571301
2.606298
2.649795
2.780119
2.828449
2.914276
2.958273
3.007269
3.099929
3.157592
3.178924
3.210921
3.241919
3.260584
3.289749
3.302415
3.342245
3.363744
3.385575
3.413740
3.432739
3.453237
3.473402
3.492568
3.512899
3.536398
3.565562
3.591894
3.620225
3.645056
3.670221
3.704386
3.735550
3.761381
3.795546
3.821377
3.857208
3.891705
3.918703
3.959034
3.988865
4.019891
4.062282
4.096495
4.121028
4.152905
4.180943
4.210650
4.251372
4.286419
4.326807
4.357349
4.396903
4.434287
4.476177
4.511892
4.557954
4.583155
4.636561
4.675781
4.709326
4.752051
4.781758
4.819809
4.867541
4.904591
4.938137
4.979192
5.022251
5.057298
5.101024
5.175458
5.217015
5.265080
5.301129
5.337011
5.425965
5.474698
5.514418
5.555474
5.612885
5.633747
5.690657
5.736720
5.780446
5.803977
5.840861
5.878078
5.915295
5.953847
6.011592
6.128751
6.129085
6.170975
6.259095
6.299817
6.346714
6.425487
6.472050
6.536638
6.624424
6.679999
6.716048
6.791317
6.827532
6.880604
6.926333
6.980740
7.040321
7.109081
7.196533
7.239257
7.288825
7.333051
7.439696
7.468401
7.531487
7.590901
7.643806
7.715737
7.772314
7.772647
7.845913
7.928192
7.974087
8.022653
8.082400
8.251630
8.359443
8.413349
8.485948
8.525668
8.589755
8.633147
8.669530
8.733450
8.800541
8.857451
8.901511
8.901845
8.968268
9.003149
9.062730
9.125315
9.165870
9.200583
9.242307
9.347616
9.398685
9.478127
9.532534
9.561573
9.657703
9.691249
9.740816
9.767185
9.823261
9.823595
9.865318
9.865652
9.909211
9.975635
